1 -0 0 0 0 1 -0 0 0 0 1 0
0.999992 -0.00393842 -0.00119414 0.675848 0.00393961 0.999992 0.000991158 0.00995869 0.00119022 -0.000995855 0.999999 0.00281274
0.999967 -0.00775673 -0.00236329 1.39444 0.00776002 0.999969 0.00138591 0.0231637 0.00235247 -0.00140421 0.999996 0.00377669
0.999914 -0.0126382 -0.00343541 2.13372 0.0126482 0.999916 0.00288529 0.0397614 0.00339865 -0.00292849 0.99999 0.007085
0.999851 -0.0169148 -0.00355762 2.87645 0.0169225 0.999854 0.0021494 0.0608174 0.00352075 -0.00220929 0.999991 0.0136725
0.999757 -0.0215885 -0.00434581 3.64231 0.0216024 0.999762 0.00316853 0.090466 0.00427637 -0.00326164 0.999986 0.0217667
0.999636 -0.0265252 -0.00492963 4.41819 0.0265562 0.999627 0.0063288 0.116909 0.00475992 -0.00645741 0.999968 0.0331327
0.999513 -0.0309506 -0.00408982 5.20739 0.0309841 0.999484 0.00841621 0.144936 0.00382722 -0.00853883 0.999956 0.0357565
0.999382 -0.0351152 -0.00130665 6.01056 0.035125 0.999347 0.00843452 0.17863 0.00100962 -0.00847521 0.999964 0.0417078
0.999255 -0.0385889 0.000995315 6.82319 0.0385809 0.999231 0.00705515 0.213877 -0.0012668 -0.00701149 0.999975 0.048287
0.999145 -0.0413246 0.00103994 7.63904 0.0413159 0.999119 0.00738335 0.259555 -0.00134413 -0.00733408 0.999972 0.0551485
0.999054 -0.0434827 0.000490237 8.46091 0.0434782 0.999029 0.00711646 0.299132 -0.000799204 -0.00708841 0.999975 0.0527205
0.998968 -0.0454159 0.000417717 9.2876 0.0454132 0.998955 0.00512881 0.343303 -0.00065021 -0.00510455 0.999987 0.0640123
0.998874 -0.0474273 0.00120155 10.1369 0.0474206 0.998862 0.00508439 0.387308 -0.00144132 -0.00502168 0.999986 0.0632638
0.998809 -0.0487766 0.00136943 10.992 0.0487744 0.998809 0.00159049 0.427496 -0.00144538 -0.00152181 0.999998 0.0675914
0.998721 -0.0505568 -0.000807657 11.8546 0.0505596 0.998713 0.00402967 0.482237 0.000602891 -0.00406535 0.999992 0.0702049
0.998636 -0.0520921 -0.00348624 12.7265 0.0521124 0.998623 0.00600424 0.523258 0.00316866 -0.00617773 0.999976 0.0801859
0.998548 -0.0536241 -0.00520998 13.6135 0.0536745 0.998508 0.0100728 0.585738 0.00466206 -0.0103378 0.999936 0.084736
0.998492 -0.054664 -0.00510505 14.4962 0.0547163 0.998444 0.0107461 0.639464 0.00450968 -0.0110093 0.999929 0.0921535
0.99842 -0.0560826 -0.00345261 15.3957 0.0561144 0.998375 0.00993059 0.69362 0.00289006 -0.0101086 0.999945 0.101009
0.998345 -0.0574659 -0.00201968 16.2891 0.0574831 0.998298 0.00982598 0.745197 0.00145159 -0.00992582 0.99995 0.108368
0.998271 -0.058757 -0.00161559 17.1979 0.0587705 0.998219 0.0102089 0.80072 0.00101287 -0.0102862 0.999947 0.121805
0.998187 -0.0601287 -0.00253277 18.103 0.0601503 0.998143 0.00956804 0.85475 0.00195276 -0.00970305 0.999951 0.123618
0.998122 -0.0611869 -0.00285486 19.0215 0.0612107 0.998083 0.00919301 0.914 0.0022869 -0.00935049 0.999954 0.137667
0.998081 -0.0619133 -0.00124196 19.9474 0.0619223 0.998036 0.00951113 0.965532 0.000650654 -0.00956978 0.999954 0.147031
0.998102 -0.0615377 0.00214219 20.8835 0.0615148 0.998061 0.00950486 1.03164 -0.00272295 -0.00935505 0.999953 0.149076
0.998132 -0.0608281 0.00568605 21.818 0.0607647 0.998095 0.0107218 1.09653 -0.0063274 -0.0103563 0.999926 0.153547
0.998204 -0.0592664 0.00877097 22.7585 0.0591752 0.998194 0.0103147 1.15733 -0.00936645 -0.00977718 0.999908 0.153548
0.998292 -0.057608 0.00966822 23.7059 0.0575297 0.99831 0.00818407 1.21656 -0.0101233 -0.00761389 0.99992 0.152949
0.998388 -0.0562784 0.00733174 24.6499 0.0562123 0.998379 0.00892414 1.27501 -0.00782209 -0.00849763 0.999933 0.150596
0.998483 -0.0550103 0.0025586 25.6157 0.0549736 0.998407 0.012701 1.33756 -0.00325321 -0.0125411 0.999916 0.1545
0.998545 -0.0539198 -0.000264277 26.5638 0.0539184 0.998452 0.013624 1.38765 -0.000470736 -0.0136185 0.999907 0.15916
0.998593 -0.0530279 0.00100765 27.5335 0.0530122 0.998523 0.0118821 1.43926 -0.00163625 -0.011812 0.999929 0.165946
0.998572 -0.0531092 0.00583979 28.5133 0.0530615 0.998559 0.00804066 1.49568 -0.00625841 -0.00771931 0.999951 0.16629
0.998487 -0.0541192 0.00977523 29.4969 0.0540983 0.998533 0.00239019 1.54886 -0.00989024 -0.00185775 0.999949 0.163683
0.998444 -0.0548964 0.00974516 30.4718 0.0549532 0.998473 -0.00565468 1.59167 -0.00941986 0.00618141 0.999937 0.165811
0.998391 -0.0563947 0.00594938 31.4642 0.0564214 0.998397 -0.00442918 1.64391 -0.00569007 0.00475773 0.999972 0.17011
0.998319 -0.0579207 0.00220473 32.4427 0.0579248 0.998319 -0.00185397 1.7054 -0.00209364 0.00197856 0.999996 0.176304
0.998218 -0.0596592 0.00125702 33.4329 0.0596606 0.998218 -0.0011044 1.77405 -0.00118889 0.00117742 0.999999 0.174207
0.998161 -0.0605215 0.0032933 34.4455 0.0605361 0.998156 -0.00452191 1.8361 -0.00301355 0.00471296 0.999984 0.181256
0.998069 -0.0618446 0.00576748 35.4423 0.0618595 0.998082 -0.00243425 1.90466 -0.00560588 0.00278632 0.99998 0.176053
0.997997 -0.0628627 0.00707015 36.4565 0.0628589 0.998022 0.000756544 1.97879 -0.00710373 -0.000310606 0.999975 0.186363
0.9979 -0.0640524 0.0096323 37.4499 0.0640589 0.997946 -0.000357784 2.042 -0.00958959 0.000974067 0.999954 0.178784
0.997871 -0.063904 0.0130397 38.456 0.0639065 0.997956 0.000225464 2.103 -0.0130275 0.000608339 0.999915 0.187559
0.997808 -0.0644958 0.0148249 39.4626 0.0644242 0.997909 0.00525627 2.19 -0.0151329 -0.00428966 0.999876 0.175175
0.997809 -0.0645438 0.0145386 40.4507 0.0644565 0.9979 0.00639587 2.2557 -0.0149209 -0.00544474 0.999874 0.175585
0.997834 -0.0644655 0.0131298 41.4362 0.0643991 0.99791 0.00542069 2.32211 -0.0134518 -0.0045634 0.999899 0.172045
0.99787 -0.0643588 0.0106489 42.4483 0.0642417 0.997874 0.0109888 2.40176 -0.0113335 -0.0102813 0.999883 0.173329
0.997805 -0.0653657 0.0106283 43.4287 0.0652566 0.997815 0.0103084 2.46884 -0.0112789 -0.00959224 0.99989 0.171573
0.997706 -0.0665655 0.0123173 44.4269 0.0664848 0.997764 0.00685224 2.53338 -0.0127459 -0.00601761 0.999901 0.1694
0.997645 -0.0673189 0.0131465 45.4156 0.0672226 0.997709 0.00763376 2.60063 -0.0136303 -0.00673203 0.999884 0.162598
0.997658 -0.0675534 0.010698 46.3824 0.067467 0.997687 0.0082397 2.67317 -0.0112299 -0.00749864 0.999909 0.170453
0.997643 -0.0684099 0.00537621 47.3639 0.0683372 0.997581 0.0127234 2.75511 -0.00623362 -0.012326 0.999905 0.169353
0.997626 -0.0687168 0.00451147 48.3271 0.0686534 0.997556 0.012969 2.8318 -0.00539163 -0.0126284 0.999906 0.17618
0.997573 -0.0692004 0.00766076 49.3063 0.0691051 0.997536 0.0120766 2.89234 -0.00847759 -0.0115179 0.999898 0.173792
0.997538 -0.0691663 0.0115511 50.2966 0.0690786 0.997581 0.00782731 2.96242 -0.0120646 -0.00701011 0.999903 0.181476
0.997506 -0.0695459 0.0120735 51.2517 0.0694496 0.997552 0.008226 3.03843 -0.012616 -0.00736699 0.999893 0.177511
0.997505 -0.0696713 0.0113707 52.2219 0.0696206 0.997562 0.00479356 3.10216 -0.0116769 -0.00398996 0.999924 0.179298
0.997502 -0.0698409 0.0106049 53.1955 0.0698252 0.997558 0.00183863 3.17148 -0.0107075 -0.00109355 0.999942 0.184858
0.997403 -0.071051 0.011749 54.1447 0.071043 0.997473 0.00109635 3.24461 -0.0117972 -0.000258817 0.99993 0.181887
0.997293 -0.0717559 0.0160652 55.1011 0.0717882 0.997419 -0.00144226 3.31443 -0.0159202 0.00259165 0.99987 0.182308
0.997137 -0.072518 0.021439 56.0562 0.0726423 0.997345 -0.00507182 3.37773 -0.0210143 0.00661468 0.999757 0.180987
0.997036 -0.0731945 0.0236822 57.0115 0.073287 0.997306 -0.00306227 3.44972 -0.0233942 0.00478879 0.999715 0.163784
0.997026 -0.0743594 0.0202305 57.9546 0.0744344 0.997221 -0.00297885 3.5247 -0.0199528 0.00447584 0.999791 0.154991
0.997029 -0.0760186 0.0124442 58.8717 0.0760203 0.997106 0.000336764 3.60279 -0.0124337 0.000610246 0.999923 0.152723
0.997017 -0.07682 0.00746469 59.7927 0.0768133 0.997045 0.00117479 3.67963 -0.00753287 -0.000597903 0.999971 0.156712
0.996946 -0.0777146 0.00771975 60.715 0.0776685 0.996961 0.00609373 3.7581 -0.00816986 -0.00547553 0.999952 0.148905
0.996852 -0.0786483 0.0100445 61.6129 0.0785686 0.996876 0.00809851 3.83751 -0.0106501 -0.00728383 0.999917 0.151515
0.996754 -0.0796935 0.0114226 62.4937 0.0795775 0.996776 0.0102773 3.91505 -0.0122048 -0.00933492 0.999882 0.158817
0.996672 -0.0807604 0.0111087 63.3704 0.0806253 0.996671 0.0121127 3.9967 -0.0120499 -0.0111768 0.999865 0.16191
0.996534 -0.0823345 0.0118534 64.2142 0.0821749 0.996528 0.0133718 4.07609 -0.0129132 -0.0123514 0.99984 0.160348
0.996414 -0.0836708 0.0125739 65.0708 0.0834991 0.996415 0.0136137 4.15053 -0.0136678 -0.012515 0.999828 0.16208
0.996276 -0.085213 0.0131218 65.8896 0.0850394 0.996289 0.0132638 4.22279 -0.0142034 -0.0120985 0.999826 0.165838
0.996146 -0.0865537 0.0141711 66.7022 0.0863587 0.996168 0.0138422 4.29578 -0.0153148 -0.0125651 0.999804 0.166986
0.995995 -0.0878386 0.0167094 67.5101 0.0875849 0.996039 0.0153586 4.37461 -0.0179923 -0.0138336 0.999742 0.160719
0.995815 -0.089082 0.0204055 68.2893 0.0887895 0.99594 0.0148189 4.45101 -0.0216428 -0.0129451 0.999682 0.150977
0.995608 -0.0909591 0.0221695 69.0681 0.0905905 0.995741 0.0171019 4.52697 -0.0236307 -0.0150185 0.999608 0.145491
0.995573 -0.0921332 0.0185885 69.8112 0.0917543 0.995575 0.020303 4.60495 -0.0203769 -0.0185075 0.999621 0.153295
0.995569 -0.0933925 0.0109675 70.5347 0.0931388 0.995416 0.021731 4.6842 -0.0129468 -0.0206132 0.999704 0.149637
0.995517 -0.094427 0.00534623 71.2501 0.0942916 0.995311 0.021578 4.75471 -0.0073587 -0.0209772 0.999753 0.153388
0.995465 -0.0950488 0.00380174 71.9389 0.0949338 0.995204 0.0235851 4.82475 -0.00602524 -0.0231172 0.999715 0.149237
0.995371 -0.0958495 0.00701063 72.6287 0.0956542 0.995119 0.0242759 4.90349 -0.00930324 -0.023493 0.999681 0.151273
0.995232 -0.0970544 0.0097024 73.2913 0.0968071 0.995029 0.0233389 4.97056 -0.0119193 -0.0222883 0.999681 0.158088
0.995162 -0.0979969 0.00697216 73.9105 0.0978301 0.994977 0.021201 5.02976 -0.00901477 -0.0204163 0.999751 0.164957
0.995202 -0.0977987 0.00273432 74.5319 0.0977528 0.995117 0.0136445 5.08392 -0.00405538 -0.0133117 0.999903 0.174494
0.995319 -0.0966244 -0.00172543 75.1314 0.0966379 0.995254 0.0114184 5.14496 0.000613947 -0.0115317 0.999933 0.182079
0.995604 -0.0936322 -0.0022442 75.7068 0.0936539 0.995516 0.0133275 5.20648 0.000986248 -0.0134791 0.999909 0.187612
0.99597 -0.0896885 -0.000134131 76.2805 0.0896765 0.995811 0.0178727 5.26948 -0.0014694 -0.0178127 0.99984 0.184276
0.996375 -0.0849999 0.00338386 76.8462 0.0849314 0.996244 0.0168692 5.31534 -0.00480503 -0.0165207 0.999852 0.192896
0.996793 -0.0796031 0.00820521 77.3866 0.0794898 0.996747 0.0133085 5.35275 -0.00923792 -0.0126136 0.999878 0.200081
0.997369 -0.071453 0.0122081 77.9299 0.0713563 0.997417 0.00817573 5.38725 -0.0127608 -0.00728309 0.999892 0.205956
0.998079 -0.0607245 0.0122438 78.437 0.0605802 0.998093 0.0118306 5.42987 -0.0129388 -0.0110662 0.999855 0.212287
0.998884 -0.0457732 0.0116689 78.9343 0.0455673 0.998811 0.0173379 5.456 -0.0124486 -0.0167868 0.999782 0.211542
0.999543 -0.0275764 0.0123647 79.4381 0.0272933 0.999374 0.022509 5.48168 -0.0129777 -0.0221613 0.99967 0.205943
0.999894 -0.00584258 0.0133228 79.908 0.00556527 0.999769 0.0207578 5.47733 -0.013441 -0.0206814 0.999696 0.208811
0.999682 0.0204447 0.014789 80.3818 -0.0207038 0.999631 0.0175824 5.45171 -0.0144241 -0.017883 0.999736 0.214602
0.998621 0.049622 0.0171486 80.8243 -0.0499006 0.998623 0.0162172 5.41903 -0.0163202 -0.0170506 0.999721 0.217414
0.996393 0.0826964 0.0190174 81.2764 -0.0830063 0.996419 0.0161282 5.37695 -0.0176155 -0.0176486 0.999689 0.215454
0.992529 0.12034 0.0201063 81.7341 -0.120661 0.992572 0.0155657 5.31309 -0.0180838 -0.0178754 0.999677 0.214628
0.986578 0.161905 0.0212472 82.1484 -0.162256 0.986619 0.0160168 5.2397 -0.0183697 -0.0192493 0.999646 0.213397
0.978082 0.207091 0.021654 82.5657 -0.207444 0.978123 0.0155375 5.13999 -0.0179626 -0.0196889 0.999645 0.211472
0.96655 0.255605 0.0211498 83.0001 -0.255981 0.966523 0.0175376 5.00878 -0.015959 -0.0223649 0.999622 0.209771
0.951037 0.30841 0.0203091 83.3689 -0.308773 0.950962 0.0181681 4.88099 -0.01371 -0.0235495 0.999629 0.214952
0.931433 0.363399 0.0193205 83.7727 -0.36374 0.931313 0.0187018 4.6821 -0.0111972 -0.0244471 0.999638 0.213025
0.907153 0.420384 0.0186995 84.1032 -0.420702 0.907007 0.0186872 4.51937 -0.00910473 -0.024819 0.99965 0.211237
0.878303 0.477778 0.0176794 84.4379 -0.478062 0.87812 0.0190398 4.30593 -0.00642779 -0.0251746 0.999662 0.199374
0.845261 0.53412 0.0158205 84.7881 -0.534337 0.845098 0.0171008 4.03479 -0.00423604 -0.0229081 0.999729 0.215107
0.808549 0.588225 0.0154832 85.0599 -0.588422 0.808382 0.0166661 3.81575 -0.00271294 -0.022586 0.999741 0.216412
0.768752 0.639331 0.0166218 85.3691 -0.639539 0.768611 0.0150558 3.51011 -0.00315003 -0.0222045 0.999748 0.228564
0.725954 0.687471 0.0193609 85.6031 -0.68773 0.725825 0.0143221 3.266 -0.00420654 -0.0237123 0.99971 0.223037
0.680848 0.732146 0.0201975 85.8463 -0.732413 0.680732 0.0132275 2.97258 -0.00406458 -0.0237988 0.999709 0.22395
0.634161 0.772997 0.0177779 86.091 -0.773198 0.634055 0.0117784 2.62487 -0.00216751 -0.0212152 0.999773 0.230017
0.587586 0.809033 0.0144305 86.2581 -0.80916 0.587532 0.00817649 2.32769 -0.00186334 -0.016481 0.999862 0.250623
0.540531 0.841185 0.0153091 86.468 -0.841324 0.540441 0.00986616 1.98365 2.55848e-05 -0.0182129 0.999834 0.251772
0.493489 0.869565 0.0180397 86.6139 -0.86975 0.493339 0.0122974 1.67496 0.00179372 -0.0217587 0.999762 0.244239
0.447926 0.893875 0.0187189 86.7689 -0.894061 0.447724 0.0140766 1.33417 0.0042018 -0.0230411 0.999726 0.250943
0.404926 0.914266 0.0123361 86.914 -0.91433 0.404794 0.0119109 0.958032 0.00589618 -0.0161023 0.999853 0.243199
0.365474 0.930821 0.00145068 86.9798 -0.930818 0.365467 0.00347722 0.617314 0.00270649 -0.00262115 0.999993 0.277952
0.329897 0.944013 -0.00277311 87.0773 -0.944017 0.329895 -0.000973775 0.256185 -4.41949e-06 0.00293911 0.999996 0.280619
0.296178 0.955133 -0.000420029 87.1919 -0.955129 0.296178 0.00250462 -0.121808 0.00251665 -0.000340632 0.999997 0.291644
0.265339 0.96412 0.00829249 87.2921 -0.964124 0.265251 0.010326 -0.4729 0.00775592 -0.0107349 0.999912 0.283547
0.236724 0.971491 0.012921 87.3911 -0.971509 0.236528 0.0150106 -0.855076 0.0115264 -0.0161062 0.999804 0.285169
0.210601 0.977501 0.0118058 87.4704 -0.97748 0.2104 0.0162605 -1.26145 0.0134107 -0.0149644 0.999798 0.301373
0.187351 0.982283 0.00443793 87.525 -0.982165 0.187251 0.016971 -1.6505 0.0158393 -0.0075383 0.999846 0.308201
0.166562 0.986027 -0.00270092 87.5772 -0.985771 0.16658 0.0225019 -2.0484 0.0226374 -0.00108546 0.999743 0.319409
0.146662 0.989178 -0.00426662 87.6338 -0.988722 0.146724 0.0300327 -2.48459 0.0303337 -0.000186155 0.99954 0.311905
0.128973 0.991647 -0.00174338 87.6938 -0.991164 0.128965 0.0310157 -2.91868 0.0309815 -0.00227221 0.999517 0.320644
0.113491 0.993539 9.14654e-05 87.7471 -0.993194 0.113449 0.0263572 -3.37887 0.0261765 -0.00308215 0.999653 0.330883
0.0986696 0.99512 -2.26335e-05 87.7929 -0.994862 0.0986445 0.022787 -3.85093 0.022678 -0.00222586 0.99974 0.352295
0.0854471 0.996342 -0.000836808 87.8245 -0.996133 0.0854464 0.0204323 -4.32957 0.0204291 -0.00091231 0.999791 0.364481
0.0736166 0.997275 -0.00481291 87.8557 -0.997093 0.0736965 0.0193334 -4.83396 0.0196354 0.00337566 0.999802 0.377413
0.0632738 0.99796 -0.00844892 87.8801 -0.997794 0.0634291 0.0195902 -5.34353 0.0200861 0.00719073 0.999772 0.395095
0.055326 0.998423 -0.00948975 87.9036 -0.998256 0.0555079 0.0201131 -5.87133 0.0206082 0.00836042 0.999753 0.40442
0.0492915 0.998714 -0.0118199 87.932 -0.998567 0.0495242 0.0202759 -6.42532 0.0208352 0.0108035 0.999725 0.415755
0.0436867 0.998978 -0.011634 87.9615 -0.99881 0.0439262 0.0211931 -6.98261 0.0216825 0.0106943 0.999708 0.429145
0.0375431 0.999219 -0.012351 87.9799 -0.999042 0.0378087 0.0220249 -7.57113 0.0224746 0.0115123 0.999681 0.439286
0.0330944 0.999341 -0.0149348 88.0009 -0.999196 0.0334207 0.0221567 -8.17932 0.0226413 0.0141895 0.999643 0.453638
0.0301835 0.999421 -0.0157042 88.0228 -0.999292 0.0305255 0.0220117 -8.79234 0.0224783 0.0150286 0.999634 0.46919
0.0271113 0.9995 -0.0162488 88.0449 -0.999391 0.0274581 0.0215181 -9.43527 0.0219535 0.0156555 0.999636 0.492176
0.0246482 0.999519 -0.0188348 88.06 -0.999465 0.0250433 0.0210357 -10.0909 0.0214973 0.0183062 0.999601 0.501793
0.0239091 0.999475 -0.0218426 88.0702 -0.999489 0.0243616 0.0206919 -10.7711 0.0212132 0.0213367 0.999547 0.52078
0.024661 0.99938 -0.0251128 88.0924 -0.999478 0.0251722 0.0202459 -11.4696 0.0208655 0.0246004 0.99948 0.53855
0.0269575 0.99925 -0.0277857 88.1043 -0.999421 0.0275183 0.0200021 -12.1807 0.0207517 0.0272304 0.999414 0.558276
0.0306435 0.999089 -0.0296936 88.1278 -0.999313 0.0312431 0.0199435 -12.9057 0.020853 0.0290621 0.99936 0.57406
0.034628 0.998943 -0.0302209 88.1612 -0.999187 0.0352295 0.0196029 -13.6443 0.0206468 0.0295175 0.999351 0.590659
0.0389808 0.998749 -0.031332 88.1816 -0.999053 0.0395602 0.0180906 -14.3967 0.0193075 0.0305971 0.999345 0.60815
0.0430098 0.998591 -0.0310782 88.2172 -0.998919 0.0435312 0.0162992 -15.1772 0.0176291 0.0303436 0.999384 0.628698
0.0471844 0.998477 -0.0286027 88.2619 -0.99876 0.0476138 0.0145222 -15.9756 0.0158619 0.027882 0.999485 0.637469
0.0512535 0.998306 -0.0275234 88.3085 -0.998575 0.0516391 0.0134897 -16.7687 0.0148882 0.0267928 0.99953 0.657548
0.0553123 0.998162 -0.0247808 88.3609 -0.998351 0.0556703 0.0139957 -17.581 0.0153496 0.0239658 0.999595 0.674875
0.0582625 0.998025 -0.0234769 88.4195 -0.99812 0.0586837 0.0176661 -18.39 0.0190089 0.0224035 0.999568 0.697375
0.0598051 0.998063 -0.017128 88.4884 -0.997917 0.0601944 0.0231948 -19.2023 0.0241809 0.0157052 0.999584 0.712303
0.0599092 0.998091 -0.0149843 88.5371 -0.997841 0.0602854 0.0260536 -20.0333 0.0269072 0.0133911 0.999548 0.742192
0.0602654 0.998102 -0.0127035 88.5997 -0.997832 0.0605767 0.025742 -20.8518 0.0264627 0.0111246 0.999588 0.765803
0.0601433 0.998111 -0.0125168 88.65 -0.997887 0.0604291 0.0238752 -21.6755 0.0245865 0.0110544 0.999637 0.796594
0.0602103 0.998123 -0.011222 88.7109 -0.997913 0.0604527 0.0226799 -22.502 0.0233158 0.00983299 0.99968 0.82568
0.0605216 0.998114 -0.0102405 88.7697 -0.99791 0.0607358 0.0220816 -23.3187 0.022662 0.00888269 0.999704 0.853695
0.0607488 0.998124 -0.00763223 88.8218 -0.997893 0.0609056 0.0223406 -24.1453 0.0227635 0.00625899 0.999721 0.881329
0.060903 0.998129 -0.00537705 88.8842 -0.997877 0.0610103 0.0227656 -24.9772 0.023051 0.00397914 0.999726 0.909341
0.0598289 0.998206 -0.00242726 88.9508 -0.997925 0.0598697 0.0237045 -25.7847 0.0238073 0.00100401 0.999716 0.938619
0.0571963 0.998363 0.00070392 89.0073 -0.99809 0.0571641 0.0234348 -26.6061 0.0233562 -0.00204296 0.999725 0.967067
0.0535835 0.99856 0.00263964 89.0629 -0.99832 0.0535119 0.0222234 -27.4248 0.0220502 -0.00382602 0.99975 0.993568
0.0488899 0.998792 0.00496208 89.1065 -0.998613 0.0487829 0.0197822 -28.2414 0.0195163 -0.00592235 0.999792 1.02274
0.0428875 0.999059 0.00641368 89.1514 -0.99893 0.0427688 0.017611 -29.0598 0.0173201 -0.00716211 0.999824 1.05136
0.0353163 0.99935 0.00726506 89.1881 -0.999232 0.0351868 0.0172368 -29.8693 0.0169699 -0.00786822 0.999825 1.0794
0.0264349 0.999616 0.00827485 89.2237 -0.999489 0.026281 0.0181862 -30.6821 0.0179618 -0.00875138 0.9998 1.10179
0.0164036 0.999841 0.00692628 89.2399 -0.999696 0.0162728 0.0185379 -31.5009 0.0184222 -0.00722826 0.999804 1.12703
0.00621793 0.999955 0.0071201 89.2498 -0.99983 0.00609311 0.017419 -32.2909 0.0173748 -0.00722719 0.999823 1.14557
-0.00481657 0.999964 0.00699644 89.2527 -0.999856 -0.00492958 0.0162265 -33.0971 0.0162604 -0.00691727 0.999844 1.16881
-0.0158541 0.999857 0.00590057 89.2384 -0.999757 -0.0159424 0.0152188 -33.8929 0.0153107 -0.00565786 0.999867 1.19473
-0.0268494 0.999623 0.0058156 89.2215 -0.999518 -0.0269365 0.0154414 -34.6718 0.0155922 -0.0053982 0.999864 1.22007
-0.037936 0.999264 0.00566058 89.1928 -0.999153 -0.0380208 0.0157198 -35.4743 0.0159235 -0.00505944 0.99986 1.24328
-0.0485133 0.998798 0.00695809 89.1575 -0.998676 -0.0486242 0.0167667 -36.2524 0.0170848 -0.00613547 0.999835 1.26731
-0.0589294 0.998242 0.00631736 89.1187 -0.998105 -0.0590313 0.0173764 -37.0343 0.0177188 -0.0052814 0.999829 1.29025
-0.0685976 0.997633 0.00485954 89.0693 -0.997479 -0.0686741 0.0178875 -37.7925 0.0181788 -0.00362025 0.999828 1.31265
-0.0781876 0.996927 0.00475317 89.0181 -0.996771 -0.0782611 0.0179878 -38.5396 0.0183045 -0.0033314 0.999827 1.33751
-0.0873057 0.996171 0.00452003 88.9487 -0.996005 -0.0873747 0.0184116 -39.2912 0.0187361 -0.00289453 0.99982 1.36337
-0.096063 0.99537 0.0033301 88.8796 -0.99521 -0.0961075 0.0178973 -40.0342 0.0181344 -0.00159489 0.999834 1.39162
-0.103241 0.994652 0.00299014 88.8003 -0.994511 -0.103277 0.0168017 -40.7788 0.0170207 -0.0012391 0.999854 1.41298
-0.108595 0.994086 -0.000463328 88.7264 -0.993973 -0.108576 0.0151107 -41.4865 0.014971 0.00210148 0.999886 1.43296
-0.112642 0.993632 -0.0026726 88.6458 -0.993547 -0.112596 0.0136269 -42.2083 0.0132392 0.00419032 0.999904 1.46098
-0.11539 0.993305 -0.00549277 88.5683 -0.993254 -0.115317 0.0121483 -42.9109 0.0114335 0.00685751 0.999911 1.47824
-0.117563 0.99305 -0.00560812 88.4935 -0.993007 -0.117493 0.0115106 -43.5991 0.0107717 0.00692213 0.999918 1.49448
-0.118262 0.992968 -0.00544343 88.4158 -0.992922 -0.118192 0.0117235 -44.2754 0.0109977 0.00679134 0.999916 1.51236
-0.117282 0.993079 -0.00618499 88.3416 -0.993028 -0.117197 0.0126842 -44.9219 0.0118716 0.0076295 0.9999 1.52929
-0.114523 0.993395 -0.00711608 88.2664 -0.993339 -0.114419 0.0136498 -45.5618 0.0127454 0.00863189 0.999882 1.55005
-0.109137 0.993994 -0.00800976 88.1937 -0.993933 -0.109012 0.0145878 -46.1806 0.013627 0.00955323 0.999862 1.56481
-0.101341 0.99482 -0.00791418 88.1394 -0.994748 -0.101212 0.0152766 -46.7957 0.0143965 0.00942076 0.999852 1.58273
-0.0899419 0.995926 -0.00641505 88.0959 -0.99584 -0.0898358 0.0152643 -47.3764 0.0146258 0.00776126 0.999863 1.59619
-0.0765108 0.997046 -0.00669173 88.0569 -0.996952 -0.0763972 0.0158449 -47.9405 0.0152868 0.00788364 0.999852 1.61741
-0.0596246 0.998203 -0.00591834 88.0337 -0.998081 -0.0595158 0.0171149 -48.4763 0.0167319 0.00692745 0.999836 1.63349
-0.0384792 0.999252 -0.00379608 88.0247 -0.999055 -0.0383942 0.0203685 -49.0231 0.0202076 0.00457626 0.999785 1.65347
-0.0136263 0.999905 -0.00228613 88.0254 -0.999645 -0.0135704 0.0229085 -49.552 0.0228753 0.00259748 0.999735 1.67703
0.0142645 0.999898 -0.000810959 88.0521 -0.999587 0.0142802 0.0249321 -50.0783 0.0249411 0.000454982 0.999689 1.69233
0.0471153 0.998889 0.000860966 88.0934 -0.998587 0.0470797 0.024667 -50.6016 0.024599 -0.00202194 0.999695 1.71083
0.0849141 0.996388 0.00113708 88.1515 -0.996134 0.0848666 0.0226841 -51.1195 0.0225056 -0.00305888 0.999742 1.72527
0.126993 0.991903 0.00115227 88.2366 -0.991719 0.126947 0.0194376 -51.628 0.0191339 -0.00361117 0.99981 1.7453
0.171469 0.985183 0.00351776 88.3531 -0.985081 0.171396 0.0154293 -52.1386 0.0145978 -0.00611093 0.999875 1.7615
0.219652 0.975549 0.0075068 88.4893 -0.975521 0.219549 0.0125647 -52.64 0.0106093 -0.0100829 0.999893 1.78023
0.270731 0.962593 0.010951 88.6388 -0.962624 0.270613 0.0110932 -53.1043 0.00771479 -0.013545 0.999879 1.7979
0.324426 0.945848 0.0109281 88.841 -0.945883 0.324306 0.0114321 -53.5756 0.007269 -0.0140456 0.999875 1.79843
0.382028 0.924125 0.00694329 89.0469 -0.924111 0.38193 0.0122103 -54.0198 0.00863195 -0.011081 0.999901 1.81807
0.442115 0.896951 0.0036263 89.253 -0.896871 0.442012 0.0157292 -54.4305 0.0125055 -0.0102064 0.99987 1.82787
0.500876 0.865517 -0.00187335 89.5292 -0.865337 0.500814 0.0193974 -54.8299 0.0177269 -0.0080946 0.99981 1.84712
0.559236 0.829005 -0.00243985 89.7943 -0.828741 0.559127 0.0237849 -55.2046 0.021082 -0.0112794 0.999714 1.85318
0.614598 0.788835 -0.00296073 90.1377 -0.788502 0.61444 0.0270059 -55.5598 0.0231224 -0.0142632 0.999631 1.85325
0.667635 0.744472 -0.00503148 90.4682 -0.744087 0.667481 0.0283378 -55.8836 0.0244551 -0.0151754 0.999586 1.86708
0.716992 0.697051 -0.00641819 90.7951 -0.696688 0.716867 0.0269866 -56.1834 0.023412 -0.0148777 0.999615 1.87709
0.762523 0.646954 -0.00306305 91.1918 -0.646728 0.762366 0.0232632 -56.4814 0.0173854 -0.0157577 0.999725 1.90126
0.804278 0.594253 0.000343195 91.5878 -0.594155 0.804134 0.0186632 -56.7338 0.0108147 -0.0152143 0.999826 1.90472
0.841543 0.540162 0.00549383 91.9635 -0.540175 0.841401 0.0159816 -56.9497 0.00401015 -0.0164169 0.999857 1.91582
0.87331 0.487061 0.0100972 92.4141 -0.48716 0.873208 0.0135034 -57.1648 -0.00224003 -0.0167116 0.999858 1.91599
0.89952 0.4366 0.0156548 92.8538 -0.436799 0.899467 0.0128835 -57.3424 -0.00845601 -0.018427 0.999794 1.92673
0.920515 0.390219 0.019554 93.2694 -0.390516 0.920479 0.0147058 -57.5003 -0.0122605 -0.021173 0.999701 1.93644
0.936424 0.350121 0.0229094 93.7471 -0.350574 0.936319 0.0201304 -57.6425 -0.0144024 -0.026882 0.999535 1.92476
0.94884 0.314933 0.0228011 94.1967 -0.315453 0.948621 0.0246732 -57.765 -0.0138592 -0.0306035 0.999436 1.92632
0.958654 0.283754 0.0215984 94.6705 -0.284276 0.958363 0.0269713 -57.8902 -0.0130459 -0.031996 0.999403 1.90038
0.964968 0.261564 0.0205084 95.136 -0.261993 0.964817 0.0220979 -58.022 -0.0140069 -0.0266968 0.999545 1.91909
0.969088 0.245911 0.0199075 95.6179 -0.246278 0.969018 0.0187352 -58.1418 -0.0146835 -0.0230589 0.999626 1.91877
0.972287 0.232935 0.0199657 96.1276 -0.23336 0.972129 0.0225372 -58.2426 -0.0141596 -0.0265718 0.999547 1.91371
0.974495 0.223422 0.0209985 96.6208 -0.223954 0.974204 0.0277609 -58.3395 -0.0142544 -0.0317556 0.999394 1.89727
0.975983 0.216811 0.0212243 97.1381 -0.217438 0.975484 0.0339221 -58.4422 -0.0133493 -0.0377224 0.999199 1.89275
0.976636 0.214094 0.0185763 97.6597 -0.214689 0.975847 0.040379 -58.5353 -0.00948274 -0.0434237 0.999012 1.88809
0.976875 0.213154 0.0167506 98.1925 -0.213687 0.975975 0.0425627 -58.6495 -0.00727581 -0.0451578 0.998953 1.88798
0.976393 0.215634 0.0126345 98.7332 -0.215973 0.975566 0.0403207 -58.7726 -0.00363133 -0.0420975 0.999107 1.88754
0.975479 0.21999 0.0066509 99.2902 -0.220077 0.974642 0.0404847 -58.9009 0.00242397 -0.0409557 0.999158 1.88895
0.974529 0.224247 0.00271171 99.8545 -0.224158 0.973627 0.0424816 -59.0303 0.00688618 -0.0420074 0.999094 1.89179
0.973492 0.228692 0.0037767 100.433 -0.228623 0.972444 0.0456652 -59.1519 0.00677062 -0.0453181 0.99895 1.89345
0.972245 0.233823 0.00814899 101.028 -0.233946 0.97113 0.0466446 -59.2907 0.00299288 -0.0472564 0.998878 1.89524
0.971064 0.238487 0.0125712 101.63 -0.238813 0.970033 0.0447765 -59.4399 -0.00151591 -0.0464831 0.998918 1.90455
0.970039 0.24232 0.0174755 102.251 -0.242843 0.96923 0.0402625 -59.5997 -0.00718139 -0.0433 0.999036 1.90459
0.969044 0.24593 0.0217349 102.885 -0.246598 0.968415 0.0368927 -59.7564 -0.0119754 -0.0411105 0.999083 1.90535
0.968318 0.248796 0.0214829 103.514 -0.249407 0.96783 0.0331764 -59.9282 -0.0125377 -0.0374833 0.999219 1.90027
0.968171 0.249667 0.0176342 104.158 -0.250106 0.967753 0.030023 -60.0972 -0.00956977 -0.0334778 0.999394 1.89604
0.968267 0.249689 0.0107116 104.808 -0.249903 0.967803 0.0301115 -60.2614 -0.00284825 -0.0318328 0.999489 1.89796
0.968542 0.248796 0.0051531 105.474 -0.248819 0.967894 0.0356492 -60.4362 0.00388173 -0.0358099 0.999351 1.89085
0.969081 0.246736 0.00178186 106.136 -0.246633 0.96841 0.0368083 -60.583 0.00735637 -0.0361097 0.999321 1.90148
0.969712 0.244194 0.00524759 106.836 -0.244226 0.969087 0.0349927 -60.7592 0.00345964 -0.0352144 0.999374 1.89481
0.970049 0.24263 0.0116285 107.538 -0.242874 0.9696 0.0298093 -60.9413 -0.00404241 -0.0317407 0.999488 1.89914
0.970669 0.239828 0.0168773 108.256 -0.240222 0.970328 0.0274973 -61.1183 -0.0097819 -0.0307451 0.999479 1.89993
0.971102 0.238033 0.0173511 108.984 -0.238482 0.970633 0.031594 -61.2852 -0.00932115 -0.0348189 0.99935 1.90361
0.971587 0.236237 0.0145474 109.709 -0.236631 0.970833 0.0385805 -61.4416 -0.00500899 -0.0409267 0.99915 1.89262
0.97248 0.232795 0.00945091 110.465 -0.232986 0.971632 0.0405944 -61.6167 0.000267351 -0.0416792 0.999131 1.90087
0.973448 0.22881 0.00670096 111.216 -0.228891 0.972602 0.0406814 -61.7973 0.00279095 -0.041135 0.99915 1.89583
0.974295 0.22517 0.00686495 111.984 -0.225267 0.973565 0.0377627 -61.9747 0.00181954 -0.0383385 0.999263 1.89895
0.975071 0.221726 0.00862757 112.79 -0.221893 0.974443 0.0349948 -62.1598 -0.000647841 -0.0360368 0.99935 1.90887
0.97554 0.219584 0.0101826 113.588 -0.219802 0.975011 0.032267 -62.3437 -0.00284281 -0.0337159 0.999427 1.91267
0.975761 0.218522 0.0117963 114.379 -0.21878 0.975338 0.029185 -62.5204 -0.0051278 -0.0310583 0.999504 1.90871
0.975864 0.218035 0.0122433 115.189 -0.218278 0.975581 0.0244302 -62.705 -0.00661765 -0.026513 0.999627 1.9191
0.975978 0.21744 0.0136396 115.992 -0.217721 0.975705 0.0244569 -62.8818 -0.00799028 -0.026839 0.999608 1.91309
0.975915 0.217747 0.0132915 116.812 -0.218058 0.975473 0.0300571 -63.0546 -0.0064206 -0.0322315 0.99946 1.91483
0.975787 0.218427 0.011337 117.63 -0.218691 0.975196 0.0341535 -63.2219 -0.00359576 -0.0358059 0.999352 1.91315
0.975578 0.219334 0.0117996 118.446 -0.219642 0.974629 0.0430731 -63.3904 -0.00205281 -0.0446129 0.999002 1.9165
0.974978 0.221844 0.0142484 119.288 -0.222282 0.973714 0.0497164 -63.5726 -0.00284461 -0.0516396 0.998662 1.92007
0.974261 0.224885 0.0155615 120.131 -0.225383 0.973065 0.0484362 -63.7487 -0.0042498 -0.0506969 0.998705 1.91749
0.973634 0.227595 0.0154063 120.965 -0.228086 0.972381 0.0495206 -63.9336 -0.00371016 -0.0517289 0.998654 1.92369
0.973237 0.22941 0.0134213 121.8 -0.229797 0.971947 0.0501204 -64.1252 -0.00154671 -0.0518632 0.998653 1.93098
0.972751 0.231524 0.0123681 122.633 -0.231843 0.971829 0.0423902 -64.327 -0.00220539 -0.0441025 0.999025 1.9388
0.972728 0.231711 0.0104521 123.471 -0.231942 0.972015 0.0372712 -64.5335 -0.00152339 -0.038679 0.999251 1.95252
0.972396 0.233116 0.0101871 124.313 -0.233332 0.971771 0.0348911 -64.7296 -0.00176583 -0.0363049 0.999339 1.96683
0.971961 0.234735 0.0138649 125.143 -0.235098 0.97124 0.0377033 -64.9342 -0.00461587 -0.0399057 0.999193 1.96804
0.971664 0.235572 0.0193387 125.989 -0.23617 0.970927 0.0390541 -65.1283 -0.0095764 -0.0425147 0.99905 1.9611
0.971323 0.236575 0.0237367 126.837 -0.237397 0.97052 0.0416467 -65.3138 -0.0131844 -0.0460875 0.99885 1.94899
0.971061 0.238126 0.0183509 127.659 -0.238698 0.970217 0.041266 -65.5117 -0.00797789 -0.0444521 0.99898 1.9573
0.97114 0.238481 0.00370071 128.469 -0.238445 0.970399 0.0383345 -65.7078 0.0055509 -0.0381106 0.999258 1.9689
0.971265 0.23796 -0.00444594 129.282 -0.237651 0.970677 0.0361569 -65.9168 0.0129195 -0.0340614 0.999336 2.00399
0.971446 0.237229 0.00376889 130.109 -0.237217 0.970849 0.0343671 -66.1245 0.00449386 -0.0342798 0.999402 2.00683
0.971529 0.235987 0.0210049 130.956 -0.236497 0.971271 0.0264992 -66.3187 -0.014148 -0.0307124 0.999428 1.98863
0.971488 0.234584 0.0343741 131.794 -0.235315 0.971734 0.0189844 -66.5278 -0.028949 -0.0265319 0.999229 1.9893
0.971821 0.233618 0.0313974 132.606 -0.234411 0.971829 0.0244771 -66.7134 -0.0247946 -0.0311473 0.999207 1.99022
0.972374 0.23266 0.0189188 133.406 -0.233203 0.971799 0.0349714 -66.8923 -0.0102489 -0.0384172 0.999209 1.99738
0.972718 0.231757 0.0104454 134.203 -0.231987 0.972013 0.0370384 -67.0799 -0.00156916 -0.0384511 0.999259 1.97729
0.973179 0.229901 0.00823313 135.013 -0.230047 0.972643 0.0322966 -67.2691 -0.000582889 -0.0333243 0.999444 1.99208
0.97377 0.22735 0.0092111 135.829 -0.227527 0.973296 0.0304477 -67.4574 -0.00204285 -0.0317448 0.999494 2.00281
0.974589 0.223828 0.00879013 136.623 -0.223996 0.974078 0.0316031 -67.6352 -0.00148859 -0.032769 0.999462 2.00927
0.975707 0.218938 0.0078182 137.436 -0.219077 0.975139 0.0333008 -67.8169 -0.000333026 -0.0342046 0.999415 2.01206
0.976411 0.215775 0.007909 138.226 -0.21592 0.975714 0.0368924 -67.9802 0.000243529 -0.0377299 0.999288 2.02408
0.976854 0.213723 0.00885797 139.038 -0.213906 0.975937 0.0423225 -68.1364 0.000400439 -0.0432376 0.999065 2.02607
0.977194 0.212048 0.01132 139.835 -0.212341 0.976259 0.0427708 -68.3017 -0.0019818 -0.0441991 0.999021 2.03488
0.977413 0.210832 0.0145999 140.629 -0.211266 0.976543 0.0415965 -68.473 -0.00548752 -0.0437414 0.999028 2.03694
0.977737 0.209305 0.0148653 141.432 -0.209746 0.976917 0.0404953 -68.6461 -0.00604631 -0.0427117 0.999069 2.04181
0.978313 0.206754 0.0124645 142.221 -0.207092 0.977506 0.0399413 -68.8071 -0.00392605 -0.0416564 0.999124 2.048
0.979243 0.202527 0.00807378 143.001 -0.202687 0.978583 0.0359637 -68.9734 -0.00061723 -0.0368537 0.99932 2.06045
0.980575 0.196045 0.00627071 143.8 -0.196145 0.980006 0.0334033 -69.1323 0.000403223 -0.0339844 0.999422 2.07015
0.981855 0.189331 0.0107287 144.589 -0.189581 0.981346 0.0319221 -69.2892 -0.00448469 -0.0333769 0.999433 2.07684
0.98284 0.183509 0.018717 145.379 -0.183986 0.982525 0.0281783 -69.4326 -0.013219 -0.0311384 0.999428 2.07717
0.983423 0.179209 0.0276312 146.192 -0.179982 0.983254 0.028612 -69.5824 -0.022041 -0.0331108 0.999209 2.08135
0.984062 0.175128 0.0308614 146.973 -0.176048 0.98392 0.0301472 -69.7084 -0.0250855 -0.0350998 0.999069 2.06065
0.984965 0.170709 0.0265055 147.788 -0.171543 0.984616 0.0332328 -69.8322 -0.0204246 -0.03728 0.999096 2.04855
0.986351 0.163782 0.0169528 148.567 -0.164278 0.98583 0.0339376 -69.9578 -0.0111543 -0.0362594 0.99928 2.05589
0.987487 0.157332 0.0107638 149.343 -0.157608 0.986942 0.0332321 -70.0912 -0.00539475 -0.0345127 0.99939 2.05017
0.988522 0.150677 0.0110317 150.168 -0.150966 0.987976 0.0333532 -70.218 -0.00587349 -0.0346357 0.999383 2.04925
0.989606 0.143038 0.0148172 150.967 -0.143502 0.988945 0.0373603 -70.3216 -0.00930944 -0.0390982 0.999192 2.04138
0.990718 0.135206 0.0140063 151.764 -0.13568 0.989879 0.0416084 -70.4106 -0.00823886 -0.0431226 0.999036 2.04468
0.992078 0.12531 0.00890206 152.57 -0.12559 0.991004 0.0462415 -70.5001 -0.00302745 -0.0469932 0.998891 2.04591
0.993102 0.117116 0.00574182 153.398 -0.117255 0.992081 0.0450232 -70.5945 -0.000423426 -0.0453859 0.998969 2.05091
0.994001 0.109083 0.00792988 154.222 -0.10933 0.992999 0.0447308 -70.6847 -0.00299499 -0.0453294 0.998968 2.05656
0.994792 0.10088 0.0145866 155.051 -0.101458 0.993744 0.0466795 -70.7539 -0.0097863 -0.0479163 0.998803 2.04694
0.995483 0.0926961 0.0205039 155.896 -0.0935854 0.994464 0.0477851 -70.8178 -0.0159609 -0.0494881 0.998647 2.04867
0.996115 0.0848309 0.0236306 156.721 -0.0858846 0.995155 0.0478649 -70.8817 -0.0194557 -0.0497084 0.998574 2.04588
0.996578 0.0786444 0.0254446 157.549 -0.0798023 0.995643 0.0482432 -70.9375 -0.0215397 -0.0501087 0.998511 2.03506
0.99693 0.0745935 0.0238034 158.379 -0.0756668 0.995981 0.0479282 -71.0061 -0.0201326 -0.0495822 0.998567 2.0302
0.997371 0.0700741 0.0184477 159.204 -0.0709619 0.996074 0.0529228 -71.0464 -0.0146667 -0.0540928 0.998428 2.02326
0.997725 0.0662541 0.0124918 160.025 -0.0668774 0.996029 0.0587725 -71.0835 -0.00854823 -0.0594741 0.998193 2.0146
0.997933 0.063524 0.00969577 160.845 -0.0639944 0.996131 0.0602269 -71.1275 -0.0058324 -0.0607229 0.998138 2.01467
0.998062 0.0602478 0.015568 161.677 -0.061092 0.996261 0.0610851 -71.1662 -0.0118296 -0.0619178 0.998011 2.0134
0.998029 0.0574742 0.0251787 162.508 -0.0589533 0.996297 0.0625855 -71.2064 -0.0214884 -0.0639466 0.997722 1.99724
0.998003 0.0537943 0.0331102 163.352 -0.0558089 0.996435 0.0632725 -71.2439 -0.0295884 -0.064994 0.997447 1.99333
0.998358 0.0489642 0.0297124 164.153 -0.0506662 0.99694 0.0595242 -71.2791 -0.0267069 -0.0609319 0.997785 1.98197
0.99881 0.0443872 0.0202066 164.967 -0.045389 0.997607 0.0521589 -71.3269 -0.0178431 -0.053014 0.998434 1.99357
0.999185 0.0375718 0.0147814 165.779 -0.0382741 0.99799 0.0505125 -71.3612 -0.0128538 -0.051037 0.998614 1.98491
0.999406 0.0307177 0.0156357 166.609 -0.031521 0.998042 0.0540246 -71.3777 -0.0139455 -0.0544853 0.998417 1.96587
0.999512 0.0231439 0.0209907 167.429 -0.024163 0.998473 0.0496698 -71.3946 -0.0198091 -0.0501527 0.998545 1.95457
0.999568 0.0156731 0.0248755 168.28 -0.0167426 0.998918 0.0433823 -71.4084 -0.0241686 -0.04378 0.998749 1.9547
0.999558 0.00980477 0.0280675 169.12 -0.0108492 0.999245 0.037304 -71.4337 -0.0276805 -0.037592 0.99891 1.93078
0.999586 0.00413146 0.028483 169.94 -0.0050255 0.999495 0.0313889 -71.4364 -0.0283389 -0.031519 0.999101 1.92446
0.99975 -0.0022121 0.0222279 170.793 0.00160561 0.999627 0.0272657 -71.4377 -0.02228 -0.0272232 0.999381 1.92339
0.999892 -0.00906344 0.0116074 171.605 0.0087933 0.999694 0.0231164 -71.4337 -0.0118134 -0.0230118 0.999665 1.89925
0.999845 -0.0156901 0.00798912 172.449 0.0155243 0.999671 0.0204058 -71.4426 -0.00830666 -0.0202787 0.99976 1.90033
0.999637 -0.0222794 0.015128 173.288 0.0219744 0.999558 0.0200402 -71.4111 -0.0155677 -0.0197005 0.999685 1.89414
0.999248 -0.0275301 0.0272913 174.129 0.0268689 0.999343 0.0243079 -71.3713 -0.0279426 -0.0235563 0.999332 1.87266
0.998858 -0.0324727 0.0350576 174.987 0.0315256 0.999132 0.0272382 -71.3314 -0.0359117 -0.0261019 0.999014 1.86534
0.998819 -0.0358802 0.0327743 175.836 0.035021 0.999037 0.026423 -71.2889 -0.0336908 -0.025244 0.999113 1.84628
0.999036 -0.0376727 0.0225182 176.685 0.0369935 0.998869 0.0298536 -71.2574 -0.0236174 -0.0289918 0.999301 1.84717
0.999101 -0.0405942 0.0121964 177.523 0.0400666 0.998365 0.0407692 -71.1939 -0.0138315 -0.0402439 0.999094 1.82124
0.999066 -0.0423341 0.0086828 178.366 0.041952 0.998308 0.0402695 -71.1512 -0.0103729 -0.0398676 0.999151 1.81407
0.998904 -0.0447177 0.0138295 179.219 0.0442325 0.998456 0.0335962 -71.1165 -0.0153105 -0.0329477 0.99934 1.81639
0.998741 -0.0451147 0.0219473 180.083 0.0444217 0.998529 0.031099 -71.0841 -0.023318 -0.0300849 0.999275 1.79565
0.998578 -0.0454516 0.0278722 180.923 0.0445296 0.998468 0.0328519 -71.0484 -0.0293227 -0.031564 0.999072 1.77782
0.99852 -0.0468872 0.0275649 181.773 0.045925 0.998347 0.0345621 -70.9995 -0.0291398 -0.033245 0.999022 1.77154
0.998632 -0.0486438 0.0191938 182.621 0.0480127 0.998332 0.0320725 -70.9616 -0.0207219 -0.0311071 0.999301 1.75645
0.998701 -0.0503051 0.00813486 183.461 0.0500764 0.998401 0.0262248 -70.9377 -0.0094411 -0.0257834 0.999623 1.75138
0.998633 -0.0521178 0.00410121 184.304 0.0520318 0.998467 0.0188608 -70.896 -0.00507791 -0.0186216 0.999814 1.74755
0.998551 -0.0531656 0.00829859 185.158 0.0529965 0.998406 0.0194183 -70.8478 -0.00931774 -0.0189504 0.999777 1.74816
0.998339 -0.054631 0.0183126 186.005 0.0542012 0.998261 0.0231951 -70.7939 -0.0195479 -0.022164 0.999563 1.73259
0.998192 -0.0557954 0.0223325 186.863 0.0553081 0.99823 0.0218772 -70.7417 -0.0235136 -0.0206025 0.999511 1.73678
0.99822 -0.0564911 0.0191301 187.706 0.056007 0.998118 0.0249612 -70.6947 -0.0205042 -0.0238453 0.999505 1.7299
0.998321 -0.0563737 0.0132858 188.555 0.0559909 0.99805 0.0276067 -70.6401 -0.0148162 -0.0268165 0.999531 1.72623
0.998307 -0.0569018 0.012079 189.398 0.056482 0.99787 0.0326397 -70.5789 -0.0139105 -0.0319021 0.999394 1.71393
0.998256 -0.0572277 0.0145073 190.237 0.0566999 0.997795 0.0344992 -70.5196 -0.0164496 -0.0336165 0.999299 1.70803
0.998161 -0.0580989 0.0172836 191.079 0.0573545 0.997519 0.0408304 -70.4652 -0.019613 -0.039764 0.999017 1.69901
0.998089 -0.0584663 0.0199926 191.904 0.0575658 0.997416 0.0429886 -70.4122 -0.0224543 -0.0417556 0.998876 1.68869
0.998064 -0.0589799 0.0197257 192.722 0.0580345 0.997278 0.0454838 -70.3591 -0.0223546 -0.0442509 0.99877 1.68288
0.998108 -0.0592529 0.0164135 193.556 0.0584715 0.997293 0.0445742 -70.3047 -0.0190102 -0.0435301 0.998871 1.68182
0.998116 -0.0602573 0.0115702 194.349 0.059663 0.997148 0.0462236 -70.243 -0.0143225 -0.0454462 0.998864 1.68016
0.998028 -0.0616672 0.0116851 195.17 0.06101 0.996881 0.0500704 -70.1868 -0.0147363 -0.0492588 0.998677 1.6793
0.997725 -0.0642188 0.0205273 195.993 0.0631005 0.996696 0.0511335 -70.1415 -0.0237433 -0.0497219 0.998481 1.65895
0.997372 -0.0661083 0.0296477 196.772 0.064629 0.996737 0.0483496 -70.0956 -0.0327473 -0.0463064 0.99839 1.65112
0.997264 -0.0667272 0.0318121 197.531 0.0654979 0.99712 0.0382343 -70.059 -0.0342718 -0.0360461 0.998762 1.63415
0.997405 -0.0671288 0.0260027 198.3 0.0661715 0.997156 0.036073 -70.0009 -0.0283503 -0.0342588 0.999011 1.63776
