1 1.51071e-22 -2.2315e-22 -1.26238e-24 -1.51071e-22 1 1.17634e-22 1.11459e-25 2.2315e-22 -1.17634e-22 1 7.66318e-25
0.999992 -0.00393842 -0.00119414 0.675848 0.00393961 0.999992 0.000991158 0.00995869 0.00119022 -0.000995855 0.999999 0.00281274
0.999967 -0.00775714 -0.00236331 1.39446 0.00776043 0.999969 0.00138592 0.0231134 0.00235248 -0.00140422 0.999996 0.00377312
0.999914 -0.0126394 -0.00343546 2.13377 0.0126494 0.999916 0.0028853 0.0396611 0.00339871 -0.00292851 0.99999 0.00707788
0.999851 -0.0169178 -0.00355778 2.8765 0.0169255 0.999854 0.00214948 0.0606068 0.0035209 -0.00220937 0.999991 0.0136543
0.999757 -0.0215941 -0.00434617 3.64237 0.0216079 0.999762 0.00316866 0.0901464 0.00427671 -0.0032618 0.999986 0.0217376
0.999636 -0.0265343 -0.00493031 4.41825 0.0265652 0.999627 0.00632899 0.116483 0.00476053 -0.00645766 0.999968 0.0330928
0.999512 -0.0309639 -0.00409091 5.20745 0.0309975 0.999484 0.00841647 0.144405 0.0038282 -0.00853917 0.999956 0.0357061
0.999382 -0.035134 -0.00130825 6.01066 0.0351438 0.999347 0.00843498 0.177969 0.00101104 -0.00847574 0.999964 0.0416406
0.999254 -0.0386142 0.00099308 6.82333 0.0386062 0.99923 0.00705582 0.213091 -0.00126477 -0.00701222 0.999975 0.0482034
0.999144 -0.0413577 0.00103688 7.63921 0.0413489 0.999117 0.00738421 0.258648 -0.00134136 -0.00733501 0.999972 0.0550491
0.999052 -0.0435251 0.000486208 8.46109 0.0435205 0.999027 0.00711747 0.298068 -0.000795524 -0.00708957 0.999975 0.0526049
0.998966 -0.0454691 0.000412647 9.28778 0.0454664 0.998953 0.00513002 0.34209 -0.000645473 -0.00510596 0.999987 0.0638812
0.998871 -0.0474928 0.00119519 10.1371 0.0474862 0.998859 0.00508583 0.385957 -0.00143537 -0.00502333 0.999986 0.0631184
0.998805 -0.0488561 0.0013619 10.9922 0.0488539 0.998805 0.00159215 0.426017 -0.00143806 -0.00152371 0.999998 0.0674326
0.998716 -0.050652 -0.000817028 11.8547 0.0506549 0.998708 0.00403134 0.480641 0.000611777 -0.00406755 0.999992 0.0700337
0.99863 -0.0522046 -0.00349763 12.7265 0.052225 0.998617 0.00600581 0.52156 0.00317927 -0.00618025 0.999976 0.0800037
0.99854 -0.0537555 -0.00522392 13.6135 0.053806 0.998501 0.0100742 0.583954 0.00467454 -0.0103406 0.999936 0.0845446
0.998483 -0.0548159 -0.00512135 14.4961 0.0548684 0.998436 0.0107478 0.637613 0.00452419 -0.0110125 0.999929 0.0919543
0.99841 -0.0562566 -0.00347121 15.3956 0.0562886 0.998365 0.00993265 0.691723 0.00290675 -0.0101122 0.999945 0.100804
0.998334 -0.0576638 -0.00204087 16.2888 0.0576811 0.998287 0.0098285 0.743272 0.00147062 -0.00992985 0.99995 0.108159
0.998258 -0.0589803 -0.00163964 17.1976 0.058994 0.998206 0.0102117 0.798792 0.00103441 -0.0102907 0.999947 0.121595
0.998172 -0.0603789 -0.00255964 18.1026 0.0604008 0.998128 0.00957086 0.852841 0.00197697 -0.00970797 0.999951 0.123408
0.998105 -0.0614658 -0.0028848 19.0211 0.06149 0.998065 0.00919596 0.912134 0.00231399 -0.00935592 0.999954 0.137455
0.998061 -0.0622227 -0.0012754 19.947 0.0622321 0.998016 0.00951481 0.963738 0.000680833 -0.00957573 0.999954 0.146821
0.998081 -0.0618794 0.0021051 20.8831 0.0618568 0.99804 0.00950996 1.02995 -0.00268944 -0.0093615 0.999953 0.14887
0.998109 -0.0612031 0.00564465 21.8176 0.0611402 0.998072 0.0107287 1.09504 -0.00629039 -0.0103633 0.999927 0.153351
0.99818 -0.059676 0.00872564 22.7581 0.0595852 0.99817 0.0103234 1.15606 -0.00932573 -0.00978472 0.999909 0.153366
0.998267 -0.0580535 0.00961954 23.7054 0.0579755 0.998284 0.00819383 1.21556 -0.0100787 -0.00762193 0.99992 0.152784
0.998361 -0.0567607 0.00727827 24.6495 0.0566951 0.998352 0.00893346 1.27431 -0.00777334 -0.00850617 0.999934 0.150452
0.998454 -0.0555306 0.0024985 25.6152 0.0554946 0.998378 0.0127084 1.3372 -0.00320015 -0.0125501 0.999916 0.154383
0.998515 -0.0544782 -0.00032996 26.5633 0.0544777 0.998422 0.0136303 1.38773 -0.000413117 -0.0136281 0.999907 0.159069
0.998561 -0.0536253 0.000937664 27.533 0.0536104 0.998491 0.0118895 1.43982 -0.00157383 -0.0118222 0.999929 0.165886
0.998538 -0.0537464 0.00576673 28.5128 0.0536992 0.998525 0.00805154 1.49676 -0.00619096 -0.0077301 0.999951 0.166267
0.99845 -0.0547961 0.00970039 29.4964 0.0547752 0.998496 0.00240434 1.55057 -0.00981754 -0.00186928 0.99995 0.163701
0.998406 -0.0556133 0.00967046 30.4713 0.0556694 0.998433 -0.0056398 1.59404 -0.00934166 0.00616915 0.999937 0.165874
0.998348 -0.0571508 0.00586818 31.4638 0.0571771 0.998354 -0.00441645 1.64699 -0.00560611 0.00474468 0.999973 0.170225
0.998273 -0.0587153 0.00211555 32.4423 0.0587192 0.998273 -0.0018436 1.70928 -0.00200365 0.00196463 0.999996 0.176472
0.998168 -0.0604913 0.00116087 33.4324 0.0604926 0.998168 -0.00109432 1.77884 -0.00109255 0.00116254 0.999999 0.174433
0.998109 -0.0613903 0.00319343 34.4449 0.0614043 0.998103 -0.00450962 1.84186 -0.00291053 0.00469718 0.999985 0.181549
0.998013 -0.0627483 0.00565884 35.4417 0.0627628 0.998026 -0.00241924 1.91141 -0.00549587 0.0027696 0.999981 0.176418
0.997939 -0.0637997 0.00695118 36.4558 0.0637958 0.997963 0.000773339 1.98663 -0.00698636 -0.000328288 0.999976 0.186805
0.997839 -0.0650215 0.00950661 37.4491 0.0650277 0.997883 -0.000337917 2.05093 -0.00946452 0.00095538 0.999955 0.179307
0.997808 -0.0649035 0.0129053 38.4552 0.0649057 0.997891 0.000249297 2.11307 -0.0128943 0.000588878 0.999917 0.188173
0.997743 -0.0655232 0.0146769 39.4616 0.065452 0.997842 0.00528262 2.20124 -0.0149914 -0.00431006 0.999878 0.175887
0.997743 -0.0655981 0.0143804 40.4496 0.0655113 0.997831 0.00642258 2.26812 -0.0147706 -0.005466 0.999876 0.176403
0.997765 -0.0655446 0.0129632 41.435 0.0654787 0.997839 0.00544654 2.33579 -0.0132922 -0.00458556 0.999901 0.172965
0.9978 -0.0654594 0.0104663 42.447 0.065344 0.997802 0.0110125 2.41675 -0.0111641 -0.0103044 0.999885 0.174364
0.997733 -0.0664868 0.010436 43.4274 0.0663793 0.997741 0.0103326 2.48514 -0.0110994 -0.00961641 0.999892 0.172729
0.997632 -0.0677055 0.0121181 44.4255 0.0676257 0.997687 0.00687871 2.55101 -0.0125558 -0.00604293 0.999903 0.170684
0.997569 -0.0684748 0.012935 45.414 0.0683796 0.99763 0.00766161 2.61961 -0.013429 -0.00675849 0.999887 0.164017
0.997581 -0.0687231 0.010474 46.3806 0.0686381 0.997607 0.008265 2.69348 -0.0110169 -0.00752609 0.999911 0.172016
0.997562 -0.0695902 0.00513448 47.362 0.0695202 0.997499 0.0127426 2.7768 -0.0060084 -0.0123546 0.999906 0.171073
0.997544 -0.0699066 0.00425656 48.3251 0.0698462 0.997473 0.0129872 2.85484 -0.00515369 -0.012658 0.999907 0.178066
0.997492 -0.0703983 0.00739373 49.3042 0.0703058 0.997452 0.0120987 2.91675 -0.00822662 -0.0115485 0.999899 0.175871
0.997457 -0.0703713 0.0112757 50.2944 0.0702853 0.997496 0.00785411 2.98822 -0.0118001 -0.00704163 0.999906 0.183764
0.997424 -0.0707548 0.0117837 51.2494 0.0706603 0.997466 0.00825337 3.06558 -0.0123378 -0.00739947 0.999897 0.180011
0.997423 -0.0708833 0.0110706 52.2194 0.0708336 0.997476 0.00482 3.13067 -0.0113843 -0.00402341 0.999927 0.18202
0.997419 -0.0710542 0.0102936 53.1929 0.0710387 0.997472 0.00186401 3.20135 -0.0104001 -0.00112796 0.999945 0.187816
0.99732 -0.0722631 0.0114233 54.1419 0.072255 0.997386 0.00112295 3.27582 -0.0114746 -0.000294548 0.999934 0.185087
0.99721 -0.0729657 0.0157268 55.0982 0.0729968 0.997331 -0.00141068 3.34699 -0.0155819 0.00255475 0.999875 0.185768
0.997056 -0.0737243 0.0210888 56.0531 0.0738456 0.997257 -0.00503406 3.41163 -0.0206598 0.00657655 0.999765 0.184722
0.996956 -0.0743935 0.0233127 57.0082 0.0744837 0.997218 -0.0030223 3.48492 -0.023023 0.00474952 0.999724 0.167803
0.996945 -0.0755503 0.0198435 57.9511 0.0756231 0.997132 -0.00294351 3.56117 -0.0195642 0.00443514 0.999799 0.159307
0.996943 -0.0771984 0.0120353 58.8679 0.0771997 0.997016 0.000362345 3.6405 -0.0120274 0.000567886 0.999928 0.157341
0.996929 -0.0779884 0.00703648 59.7887 0.0779819 0.996954 0.00119399 3.71857 -0.00710817 -0.000641611 0.999975 0.16165
0.996858 -0.0788691 0.007267 60.7108 0.0788254 0.99687 0.00611264 3.7982 -0.00772635 -0.00552061 0.999955 0.154182
0.996766 -0.0797895 0.00957021 61.6085 0.079713 0.996785 0.00811946 3.87872 -0.0101873 -0.00733033 0.999921 0.157137
0.996669 -0.0808203 0.0109261 62.489 0.0807087 0.996685 0.010299 3.95734 -0.0117222 -0.00938291 0.999887 0.164794
0.996587 -0.0818721 0.01059 63.3655 0.0817426 0.99658 0.0121334 4.04006 -0.0115471 -0.0112263 0.99987 0.168257
0.996449 -0.0834307 0.0113127 64.2091 0.0832775 0.996436 0.0133924 4.12046 -0.0123897 -0.0124028 0.999846 0.167066
0.99633 -0.0847513 0.0120119 65.0655 0.0845863 0.996323 0.0136343 4.19593 -0.0131233 -0.0125682 0.999835 0.169194
0.996192 -0.0862774 0.0125389 65.8841 0.0861106 0.996197 0.013284 4.26919 -0.0136373 -0.0121537 0.999833 0.173347
0.996063 -0.0876007 0.0135658 66.6965 0.087413 0.996076 0.0138626 4.34314 -0.0147269 -0.0126222 0.999812 0.174903
0.995914 -0.0888668 0.0160804 67.5043 0.0886214 0.995947 0.0153805 4.42293 -0.017382 -0.0138926 0.999752 0.169059
0.995738 -0.0900919 0.0197545 68.2833 0.0898074 0.995849 0.0148435 4.50025 -0.0210098 -0.0130061 0.999695 0.159742
0.995532 -0.0919486 0.0214933 69.0621 0.0915897 0.99565 0.017127 4.57705 -0.0229746 -0.0150819 0.999622 0.154694
0.995496 -0.093101 0.0178858 69.805 0.0927346 0.995483 0.0203231 4.65581 -0.0196971 -0.0185729 0.999633 0.162931
0.995487 -0.094339 0.0102397 70.5284 0.0941 0.995325 0.0217424 4.73582 -0.0122429 -0.0206807 0.999711 0.159711
0.995433 -0.0953531 0.00459441 71.2437 0.0952332 0.995221 0.0215828 4.80706 -0.00663044 -0.0210467 0.999757 0.16391
0.995381 -0.0959528 0.00302364 71.9324 0.0958555 0.995116 0.0235873 4.87779 -0.00527214 -0.0231885 0.999717 0.160206
0.995291 -0.0967324 0.00620713 72.6221 0.0965557 0.995031 0.0242798 4.95722 -0.00852493 -0.0235661 0.999686 0.162708
0.995155 -0.0979175 0.00887467 73.2846 0.0976885 0.994943 0.0233439 5.02487 -0.0111156 -0.0223638 0.999688 0.170002
0.995084 -0.0988409 0.0061209 73.9038 0.0986914 0.994892 0.0212023 5.0846 -0.00818529 -0.020494 0.999756 0.177332
0.995123 -0.0986286 0.00186372 74.525 0.0985943 0.995034 0.013641 5.13928 -0.00319985 -0.0133907 0.999905 0.187349
0.995238 -0.0974358 -0.00262022 75.1244 0.0974596 0.995174 0.0114101 5.20081 0.00149583 -0.0116111 0.999931 0.19541
0.995527 -0.094422 -0.00316676 75.6998 0.0944561 0.99544 0.0133176 5.26279 0.00189485 -0.0135572 0.999906 0.201415
0.9959 -0.0904545 -0.00108667 76.2734 0.0904594 0.99574 0.0178633 5.32622 -0.00053378 -0.0178884 0.99984 0.198564
0.996314 -0.0857481 0.00240575 76.839 0.0856958 0.996179 0.0168619 5.3725 -0.00384243 -0.0165936 0.999855 0.207723
0.996742 -0.0803364 0.00720342 77.3794 0.0802359 0.996687 0.0133041 5.41028 -0.00824836 -0.0126828 0.999886 0.215439
0.997329 -0.0721734 0.0111837 77.9227 0.0720844 0.997365 0.00817343 5.44516 -0.0117441 -0.00734543 0.999904 0.221861
0.998049 -0.061423 0.0111904 78.4299 0.0612905 0.99805 0.0118275 5.48811 -0.011895 -0.0111185 0.999867 0.228717
0.998865 -0.0464477 0.0105855 78.9271 0.04626 0.998779 0.0173335 5.51455 -0.0113777 -0.0168241 0.999794 0.228501
0.999538 -0.028227 0.0112518 79.4309 0.0279685 0.999355 0.0225043 5.54055 -0.0118798 -0.0221792 0.999683 0.22345
0.999905 -0.0064767 0.012185 79.9008 0.0062229 0.999765 0.0207528 5.53647 -0.0123165 -0.020675 0.99971 0.226842
0.999711 0.0198256 0.0136271 80.3747 -0.0200639 0.999644 0.0175775 5.51113 -0.0132738 -0.0178458 0.999753 0.233174
0.99867 0.0490205 0.0159615 80.8172 -0.0492788 0.998653 0.0162129 5.47869 -0.0151453 -0.0169779 0.999741 0.236503
0.996464 0.0821146 0.0178044 81.2694 -0.0824031 0.996469 0.0161241 5.43686 -0.0164175 -0.0175342 0.999711 0.235083
0.992621 0.119779 0.0188677 81.7271 -0.120077 0.992643 0.0155612 5.37326 -0.016865 -0.0177119 0.999701 0.234816
0.986692 0.161366 0.0199824 82.1415 -0.161693 0.986711 0.016012 5.30009 -0.017133 -0.0190299 0.999672 0.234101
0.978219 0.206575 0.0203635 82.5589 -0.206902 0.978238 0.0155319 5.20059 -0.0167118 -0.0194069 0.999672 0.232707
0.966707 0.255115 0.0198323 82.9933 -0.255463 0.96666 0.0175307 5.0696 -0.0146987 -0.0220135 0.99965 0.23157
0.951215 0.307947 0.0189655 83.3622 -0.308279 0.951123 0.0181598 4.94199 -0.0124462 -0.0231205 0.999655 0.237239
0.93163 0.362964 0.0179507 83.7661 -0.363271 0.931496 0.0186919 4.74329 -0.00993656 -0.0239349 0.999664 0.235856
0.907369 0.419978 0.0173039 84.0968 -0.420261 0.907211 0.018676 4.58071 -0.00785481 -0.0242182 0.999676 0.234523
0.878535 0.477401 0.0162579 84.4315 -0.47765 0.878344 0.0190272 4.36742 -0.00519647 -0.0244816 0.999687 0.223128
0.845507 0.53377 0.0143742 84.7819 -0.533955 0.84534 0.0170862 4.09642 -0.00303093 -0.0221217 0.999751 0.239359
0.808808 0.587905 0.0140113 85.0537 -0.58807 0.808638 0.0166504 3.87749 -0.00154121 -0.0217066 0.999763 0.241059
0.769023 0.639042 0.0151248 85.3631 -0.639217 0.768879 0.0150396 3.57196 -0.00201823 -0.0212339 0.999772 0.253666
0.726236 0.687214 0.0178386 85.5973 -0.687439 0.726102 0.014306 3.32793 -0.00312135 -0.0226524 0.999739 0.248491
0.681135 0.73192 0.0186499 85.8405 -0.732151 0.681014 0.0132105 3.0346 -0.00303179 -0.0226527 0.999739 0.249774
0.634448 0.772796 0.016205 86.0854 -0.772965 0.63434 0.0117593 2.68697 -0.00119196 -0.0199866 0.9998 0.256218
0.587872 0.808852 0.0128331 86.2525 -0.808953 0.587816 0.00815509 2.38983 -0.000947246 -0.0151755 0.999884 0.277088
0.540812 0.841032 0.0136854 86.4625 -0.841143 0.540723 0.00984393 2.04584 0.00087904 -0.0168351 0.999858 0.278571
0.493762 0.869443 0.0163896 86.6086 -0.869593 0.493616 0.0122749 1.73718 0.00258213 -0.0203132 0.99979 0.271275
0.448187 0.893777 0.0170427 86.7637 -0.893926 0.447994 0.014053 1.39643 0.00492524 -0.0215333 0.999756 0.278233
0.405175 0.914177 0.0106347 86.909 -0.914215 0.405054 0.0118842 1.02032 0.00655669 -0.0145376 0.999873 0.270729
0.365717 0.930726 -0.000274366 86.9749 -0.93072 0.365716 0.00344642 0.679601 0.00330801 -0.00100506 0.999994 0.305592
0.330133 0.943924 -0.00452283 87.0724 -0.943934 0.330132 -0.00100668 0.31848 0.000542897 0.0046016 0.999989 0.308425
0.296397 0.955062 -0.00219643 87.1871 -0.95506 0.296402 0.00247125 -0.0595018 0.00301122 0.00136525 0.999995 0.319646
0.265533 0.96408 0.00648875 87.2874 -0.964067 0.26546 0.0102935 -0.410586 0.00820121 -0.00898884 0.999926 0.311724
0.236896 0.971472 0.0110909 87.3865 -0.971462 0.236723 0.0149777 -0.792758 0.0119249 -0.0143225 0.999826 0.31352
0.210754 0.977488 0.00994986 87.4658 -0.977442 0.210579 0.016226 -1.19913 0.0137655 -0.0131451 0.999819 0.329863
0.187483 0.982264 0.00255626 87.5205 -0.982135 0.187415 0.0169339 -1.58819 0.0161545 -0.00568543 0.999853 0.336786
0.166665 0.986003 -0.00460874 87.5728 -0.985747 0.166727 0.0224625 -1.98609 0.0229165 0.000799342 0.999737 0.348087
0.146733 0.989157 -0.00620047 87.6295 -0.988703 0.146854 0.0299919 -2.42229 0.0305773 0.00172962 0.999531 0.340681
0.129026 0.991634 -0.00370261 87.6895 -0.991151 0.129079 0.030974 -2.85639 0.0311928 -0.000326597 0.999513 0.349527
0.113536 0.993532 -0.00189286 87.7428 -0.993184 0.113547 0.0263144 -3.31659 0.0263591 -0.00110767 0.999652 0.35986
0.0987042 0.995115 -0.00203221 87.7887 -0.994855 0.0987249 0.0227428 -3.78867 0.0228323 -0.000223057 0.999739 0.381351
0.0854689 0.996337 -0.00287179 87.8202 -0.996129 0.0855099 0.0203867 -4.26732 0.0205576 0.00111824 0.999788 0.393587
0.0736226 0.997262 -0.00687334 87.8515 -0.997091 0.0737429 0.0192862 -4.77173 0.0197402 0.00543345 0.99979 0.406568
0.0632615 0.997941 -0.0105348 87.8759 -0.997793 0.0634584 0.0195415 -5.28131 0.0201698 0.00927535 0.999754 0.424285
0.0552954 0.998403 -0.0116012 87.8993 -0.998256 0.0555204 0.0200631 -5.80912 0.0206751 0.0104715 0.999731 0.43364
0.0492431 0.998689 -0.0139567 87.9277 -0.998568 0.0495198 0.0202244 -6.36313 0.0208891 0.0129408 0.999698 0.445013
0.0436193 0.998953 -0.0137963 87.9572 -0.998812 0.0439051 0.0211404 -6.92043 0.021724 0.0128578 0.999681 0.458445
0.0374569 0.999192 -0.0145388 87.9756 -0.999045 0.0377711 0.0219707 -7.50896 0.0225021 0.013702 0.999653 0.468601
0.0329908 0.999309 -0.017148 87.9965 -0.999199 0.0333665 0.0221013 -8.11716 0.0226582 0.0164051 0.999609 0.482973
0.0300636 0.999387 -0.0179429 88.0182 -0.999295 0.030455 0.0219549 -8.7302 0.0224879 0.0172702 0.999598 0.498544
0.026976 0.999465 -0.0185132 88.0402 -0.999395 0.0273716 0.0214599 -9.37314 0.0219551 0.0179231 0.999598 0.521548
0.0244978 0.999477 -0.0211247 88.0552 -0.999469 0.0249409 0.0209763 -10.0288 0.0214922 0.0205996 0.999557 0.531165
0.0237435 0.999426 -0.0241581 88.0652 -0.999493 0.0242438 0.0206315 -10.709 0.0212053 0.023656 0.999495 0.550135
0.0244809 0.999323 -0.0274538 88.0872 -0.999483 0.0250393 0.0201845 -11.4076 0.0208582 0.0269455 0.999419 0.567914
0.0267627 0.999187 -0.0301522 88.0989 -0.999426 0.0273708 0.0199397 -12.1187 0.0207488 0.0296013 0.999346 0.587624
0.030434 0.999022 -0.0320857 88.1222 -0.999319 0.0310815 0.01988 -12.8437 0.0208579 0.0314588 0.999287 0.603417
0.0344051 0.998875 -0.0326388 88.1554 -0.999194 0.0350545 0.0195382 -13.5822 0.0206603 0.0319403 0.999276 0.620046
0.0387481 0.998678 -0.0337758 88.1755 -0.999062 0.0393726 0.0180248 -14.3346 0.0193308 0.0330457 0.999267 0.637532
0.0427688 0.998522 -0.0335483 88.2108 -0.998929 0.0433317 0.016232 -15.1151 0.0176617 0.0328182 0.999305 0.658111
0.0469366 0.998414 -0.0310994 88.2552 -0.998771 0.0474036 0.0144531 -15.9136 0.0159044 0.0303828 0.999412 0.666932
0.0509981 0.998247 -0.0300464 88.3014 -0.998587 0.0514194 0.013419 -16.7067 0.0149404 0.0293196 0.999458 0.687067
0.055047 0.99811 -0.0273299 88.3535 -0.998365 0.0554423 0.0139229 -17.519 0.0154118 0.0265188 0.99953 0.704463
0.0579801 0.997978 -0.0260509 88.4117 -0.998135 0.0584484 0.0175915 -18.328 0.0190785 0.0249824 0.999506 0.727048
0.0595021 0.998033 -0.0197266 88.4803 -0.997933 0.059953 0.0231171 -19.1403 0.0242543 0.0183103 0.999538 0.742093
0.0595925 0.998067 -0.0176078 88.5287 -0.997858 0.0600383 0.0259737 -19.9713 0.0269806 0.0160222 0.999508 0.772046
0.0599438 0.998084 -0.0153528 88.5909 -0.997849 0.0603244 0.0256598 -20.7899 0.0265368 0.0137816 0.999553 0.795758
0.0598214 0.998093 -0.0151925 88.6408 -0.997904 0.0601722 0.0237912 -21.6135 0.02466 0.0137374 0.999602 0.826617
0.0598867 0.998108 -0.0139236 88.7014 -0.997931 0.0601913 0.0225937 -22.44 0.023389 0.0125417 0.999648 0.855799
0.060195 0.998102 -0.012968 88.7599 -0.997928 0.0604702 0.0219932 -23.2568 0.0227357 0.0116172 0.999674 0.883906
0.0604174 0.998119 -0.0103853 88.8117 -0.997912 0.0606364 0.0222494 -24.0833 0.0228373 0.00901933 0.999699 0.911613
0.0605667 0.998131 -0.00815558 88.8737 -0.997896 0.0607377 0.0226718 -24.9153 0.0231247 0.00676527 0.99971 0.939726
0.0594861 0.998215 -0.00523102 88.9401 -0.997944 0.0595936 0.023608 -25.7228 0.0238776 0.00381591 0.999708 0.969099
0.0568502 0.99838 -0.00212545 88.9962 -0.998108 0.0568844 0.0233356 -26.5443 0.0234187 0.000794798 0.999725 0.997613
0.0532366 0.998582 -0.000215689 89.0515 -0.998337 0.0532283 0.0221218 -27.363 0.022102 -0.000962362 0.999755 1.02418
0.0485461 0.998819 0.00208029 89.0948 -0.99863 0.0484959 0.0196787 -28.1797 0.0195546 -0.00303277 0.999804 1.05334
0.0425463 0.999088 0.00350549 89.1393 -0.998944 0.0424787 0.0175062 -28.9981 0.0173414 -0.00424661 0.999841 1.08195
0.0349728 0.999379 0.00433106 89.1757 -0.999244 0.0348938 0.0171314 -29.8076 0.0169696 -0.00492691 0.999844 1.10995
0.0260855 0.999646 0.00531549 89.2109 -0.999499 0.0259856 0.0180806 -30.6204 0.017936 -0.00578447 0.999822 1.13232
0.0160504 0.999863 0.00394126 89.2267 -0.999702 0.0159752 0.0184332 -31.4392 0.0183677 -0.00423595 0.999822 1.15746
0.0058661 0.999974 0.00410893 89.2363 -0.999833 0.00579413 0.0173152 -32.2292 0.0172909 -0.00420982 0.999842 1.17589
-0.00516611 0.999979 0.00395908 89.2387 -0.999856 -0.00522932 0.0161241 -33.0354 0.0161444 -0.00387521 0.999862 1.199
-0.0162011 0.999865 0.00283711 89.224 -0.999754 -0.0162422 0.0151186 -33.8312 0.0151627 -0.00259148 0.999882 1.22474
-0.0271966 0.999626 0.00272648 89.2067 -0.999511 -0.0272354 0.0153435 -34.61 0.015412 -0.00230786 0.999879 1.2499
-0.0382827 0.999264 0.00254585 89.1776 -0.999143 -0.0383179 0.0156247 -35.4125 0.0157108 -0.00194551 0.999875 1.27289
-0.0488612 0.998798 0.00381806 89.1418 -0.998664 -0.0489184 0.0166743 -36.1905 0.0168411 -0.00299823 0.999854 1.29668
-0.059276 0.998237 0.00315189 89.1026 -0.998089 -0.0593219 0.0172878 -36.9725 0.0174443 -0.00212111 0.999846 1.31937
-0.0689415 0.997619 0.00166876 89.0529 -0.997461 -0.0689603 0.0178028 -37.7306 0.0178755 -0.000437168 0.99984 1.34154
-0.0785271 0.996911 0.00153697 89.0013 -0.99675 -0.078542 0.0179067 -38.4777 0.0179721 -0.000125813 0.999838 1.36618
-0.087641 0.996151 0.00127852 88.9314 -0.995983 -0.0876497 0.0183341 -39.2292 0.0183756 0.000333438 0.999831 1.39176
-0.09639 0.995344 6.29553e-05 88.8619 -0.995185 -0.0963758 0.0178235 -39.9722 0.0177466 0.00165536 0.999841 1.41973
-0.103557 0.994623 -0.000302746 88.7823 -0.994485 -0.103538 0.0167316 -40.7168 0.0166103 0.00203375 0.99986 1.44077
-0.108897 0.994046 -0.00378213 88.7081 -0.993947 -0.108829 0.0150449 -41.4244 0.0145437 0.00539757 0.99988 1.46046
-0.112931 0.993585 -0.00601719 88.6272 -0.99352 -0.112841 0.013565 -42.1462 0.012799 0.00751011 0.99989 1.48817
-0.115664 0.993249 -0.00886308 88.5494 -0.993228 -0.115554 0.0120904 -42.8488 0.0109846 0.0102015 0.999888 1.50513
-0.117825 0.992994 -0.00900396 88.4742 -0.992981 -0.11772 0.0114561 -43.537 0.0103158 0.0102906 0.999894 1.52107
-0.118516 0.992913 -0.00886457 88.3964 -0.992896 -0.11841 0.0116721 -44.2132 0.0105397 0.0101849 0.999893 1.53868
-0.11753 0.993023 -0.00963125 88.3219 -0.993004 -0.117405 0.012636 -44.8597 0.011417 0.011049 0.999874 1.55535
-0.114764 0.993336 -0.0105875 88.2465 -0.993317 -0.114617 0.0136045 -45.4996 0.0123003 0.012078 0.999851 1.57585
-0.109371 0.993934 -0.0115064 88.1736 -0.993913 -0.1092 0.0145453 -46.1183 0.0132005 0.0130272 0.999828 1.59036
-0.101569 0.994763 -0.0114361 88.1191 -0.99473 -0.10139 0.0152365 -46.7333 0.0139971 0.0129234 0.999819 1.60809
-0.0901609 0.995877 -0.00996253 88.0754 -0.995825 -0.0900038 0.0152262 -47.3141 0.0142668 0.0112937 0.999834 1.62139
-0.0767229 0.997 -0.0102646 88.0363 -0.99694 -0.0765555 0.0158091 -47.8782 0.0149759 0.0114461 0.999822 1.64247
-0.0598328 0.998163 -0.00951651 88.0129 -0.998072 -0.0596645 0.0170813 -48.4139 0.0164821 0.0105202 0.999809 1.65846
-0.038691 0.999224 -0.0074192 88.0038 -0.99905 -0.0385333 0.0203367 -48.9608 0.020035 0.008199 0.999766 1.67841
-0.013839 0.999887 -0.00593434 88.0044 -0.999644 -0.0136999 0.0228785 -49.4897 0.0227946 0.00624884 0.999721 1.70197
0.0140529 0.999891 -0.00448441 88.031 -0.99959 0.0141604 0.0249039 -50.016 0.0249647 0.00413259 0.99968 1.71737
0.0469136 0.998895 -0.00283813 88.0722 -0.998592 0.0469694 0.0246404 -50.5393 0.0247465 0.00167816 0.999692 1.73602
0.084729 0.996401 -0.002588 88.1301 -0.996143 0.084766 0.0226593 -51.0573 0.0227971 0.00065812 0.99974 1.75067
0.12683 0.991921 -0.00259893 88.2151 -0.991731 0.126856 0.0194145 -51.5658 0.0195874 0.000115107 0.999808 1.77102
0.171331 0.985213 -0.000259562 88.3315 -0.985096 0.171315 0.0154077 -52.0764 0.0152243 -0.00238413 0.999881 1.78767
0.219539 0.975597 0.0037037 88.4677 -0.975537 0.219478 0.0125443 -52.5778 0.0114253 -0.00636706 0.999914 1.80691
0.270638 0.962655 0.00712241 88.6171 -0.962642 0.270552 0.0110743 -53.0421 0.00873371 -0.00985345 0.999913 1.82516
0.324343 0.945913 0.00707414 88.8193 -0.945901 0.324254 0.0114146 -53.5134 0.00850344 -0.0103937 0.99991 1.82647
0.381949 0.924178 0.00306396 89.0251 -0.924128 0.381888 0.0121944 -53.9577 0.0100997 -0.00748913 0.999921 1.84691
0.442029 0.897 -0.00027808 89.2311 -0.896888 0.441979 0.0157148 -54.3683 0.0142191 -0.006697 0.999876 1.85752
0.500779 0.865556 -0.00580266 89.5072 -0.865351 0.50079 0.0193844 -54.7678 0.0196842 -0.00468594 0.999795 1.87786
0.559132 0.829054 -0.00639401 89.7723 -0.828751 0.559112 0.0237731 -55.1425 0.0232841 -0.00799325 0.999697 1.88498
0.614493 0.788892 -0.0069398 90.1157 -0.788508 0.614432 0.0269952 -55.4976 0.0255603 -0.0111163 0.999611 1.88642
0.667531 0.744527 -0.00903562 90.4461 -0.744088 0.667481 0.0283281 -55.8215 0.0271221 -0.0121866 0.999558 1.90157
0.716898 0.6971 -0.0104476 90.773 -0.696682 0.716873 0.0269778 -56.1213 0.0262959 -0.0120616 0.999581 1.9129
0.762457 0.647 -0.00711806 91.1696 -0.646715 0.762377 0.0232553 -56.4193 0.0204728 -0.0131278 0.999704 1.93868
0.804243 0.594289 -0.0037372 91.5657 -0.594134 0.80415 0.0186563 -56.6716 0.0140925 -0.0127838 0.999819 1.94377
0.841539 0.540195 0.0013884 91.9413 -0.540145 0.84142 0.0159758 -56.8876 0.00746184 -0.0141942 0.999871 1.95641
0.873333 0.487088 0.00596701 92.3919 -0.487122 0.873229 0.0134987 -57.1027 0.00136446 -0.0146955 0.999891 1.95845
0.89957 0.436625 0.0115 92.8315 -0.436751 0.89949 0.01288 -57.2803 -0.00472041 -0.0166091 0.999851 1.97102
0.920582 0.390247 0.0153747 93.2471 -0.390459 0.920503 0.0147035 -57.4381 -0.00841451 -0.019539 0.999774 1.98247
0.936501 0.350165 0.0187058 93.7249 -0.350508 0.936343 0.0201293 -57.5803 -0.0104665 -0.0254076 0.999622 1.9728
0.948915 0.314984 0.018573 94.1745 -0.315377 0.948646 0.024673 -57.7028 -0.00984756 -0.02927 0.999523 1.97627
0.958726 0.283803 0.0173456 94.6485 -0.284191 0.958388 0.0269719 -57.8279 -0.00896911 -0.0307881 0.999486 1.95235
0.965045 0.261582 0.016231 95.1139 -0.261899 0.964842 0.0220993 -57.9597 -0.00987958 -0.0255777 0.999624 1.97305
0.969168 0.245905 0.0156057 95.5958 -0.246176 0.969044 0.0187375 -58.0795 -0.0105149 -0.0220015 0.999703 1.97481
0.972366 0.232936 0.0156395 96.1056 -0.233248 0.972156 0.0225403 -58.1803 -0.00995359 -0.0255653 0.999624 1.97196
0.974576 0.223438 0.016648 96.5988 -0.223833 0.974232 0.027765 -58.2771 -0.0100153 -0.0307854 0.999476 1.95767
0.976061 0.216845 0.0168497 97.1162 -0.217309 0.975513 0.033927 -58.3797 -0.00908021 -0.0367764 0.999282 1.95542
0.976699 0.214145 0.0141774 97.6378 -0.214551 0.975878 0.0403843 -58.4728 -0.00518734 -0.0424851 0.999084 1.95306
0.97693 0.213204 0.0123275 98.1706 -0.21354 0.976007 0.0425685 -58.5869 -0.00295598 -0.0442189 0.999017 1.9553
0.976434 0.215663 0.00818705 98.7113 -0.215817 0.975601 0.0403266 -58.7099 0.000709648 -0.0411432 0.999153 1.95726
0.975496 0.220006 0.00217926 99.2684 -0.219912 0.974679 0.0404903 -58.8381 0.00678404 -0.0399774 0.999178 1.96117
0.974528 0.224261 -0.00178386 99.8327 -0.223985 0.973666 0.0424871 -58.9674 0.0112651 -0.0410053 0.999095 1.96655
0.973494 0.228712 -0.000742645 100.411 -0.228441 0.972486 0.0456715 -59.0889 0.0111678 -0.0442912 0.998956 1.97083
0.972267 0.233845 0.00360598 101.007 -0.233756 0.971175 0.0466523 -59.2276 0.00740738 -0.0462014 0.998905 1.97532
0.97111 0.238498 0.00800472 101.609 -0.238614 0.970081 0.0447857 -59.3767 0.00291604 -0.0454019 0.998965 1.98738
0.970114 0.242309 0.0128858 102.23 -0.242636 0.969281 0.0402732 -59.5364 -0.00273143 -0.0421962 0.999106 1.99027
0.969144 0.245901 0.0171223 102.864 -0.246382 0.96847 0.036905 -59.6929 -0.0075074 -0.0399849 0.999172 1.99395
0.968423 0.248742 0.0168473 103.492 -0.249182 0.967888 0.0331892 -59.8646 -0.00805069 -0.0363392 0.999307 1.99179
0.968266 0.249586 0.0129753 104.136 -0.249872 0.967813 0.0300354 -60.0335 -0.00506123 -0.0323244 0.999465 1.99056
0.968332 0.249593 0.00602937 104.786 -0.24966 0.967865 0.0301227 -60.1975 0.00168281 -0.0306741 0.999528 1.99552
0.968578 0.248711 0.000447173 105.452 -0.248568 0.967958 0.0356594 -60.3721 0.00843604 -0.0346501 0.999364 1.99154
0.969102 0.246644 -0.00294706 106.114 -0.246373 0.968476 0.036818 -60.5188 0.0119351 -0.0349543 0.999318 2.0053
0.969753 0.24409 0.00049611 106.814 -0.243957 0.969154 0.0350036 -60.6948 0.00806321 -0.0340659 0.999387 2.00195
0.970127 0.2425 0.00685528 107.516 -0.242596 0.969669 0.0298223 -60.8768 0.000584565 -0.0305945 0.999532 2.00963
0.970775 0.239686 0.0120822 108.234 -0.239935 0.970399 0.0275122 -61.0535 -0.0051303 -0.0296071 0.999548 2.01386
0.971208 0.237902 0.0125331 108.963 -0.238186 0.970705 0.0316094 -61.2202 -0.00464596 -0.0336845 0.999422 2.02105
0.971674 0.236127 0.00970591 109.687 -0.236326 0.970907 0.0385954 -61.3764 -0.000310125 -0.0397959 0.999208 2.01356
0.972542 0.23268 0.00458668 110.444 -0.232672 0.971707 0.0406079 -61.5513 0.00499174 -0.0405601 0.999165 2.02549
0.973499 0.228685 0.00181453 111.195 -0.228567 0.972677 0.0406942 -61.7316 0.00754118 -0.0400305 0.99917 2.02411
0.974352 0.225022 0.00195697 111.963 -0.224934 0.973641 0.0377757 -61.9088 0.00659498 -0.037247 0.999284 2.03099
0.97514 0.221559 0.00369827 112.769 -0.22155 0.97452 0.0350084 -62.0936 0.00415238 -0.0349575 0.99938 2.04488
0.975622 0.219397 0.00523216 113.567 -0.21945 0.975089 0.0322813 -62.2773 0.0019806 -0.0326425 0.999465 2.05263
0.975855 0.218313 0.00682504 114.359 -0.218419 0.975418 0.0292 -62.4537 -0.000282533 -0.0299857 0.99955 2.05259
0.975968 0.217795 0.00725183 115.168 -0.217909 0.975663 0.0244455 -62.6379 -0.00175123 -0.0254383 0.999675 2.06702
0.976091 0.217193 0.00862697 115.972 -0.217342 0.975789 0.0244727 -62.8144 -0.00310278 -0.0257626 0.999663 2.06503
0.976021 0.217519 0.00825631 116.791 -0.217671 0.975559 0.0300729 -62.9869 -0.00151308 -0.0311489 0.999514 2.07089
0.975882 0.218209 0.00627973 117.61 -0.218295 0.975285 0.0341685 -63.1539 0.00133133 -0.0347152 0.999396 2.07335
0.975668 0.219152 0.00671944 118.425 -0.219236 0.97472 0.0430883 -63.3221 0.00289331 -0.043513 0.999049 2.08082
0.975074 0.22169 0.00914629 119.268 -0.221868 0.973808 0.0497325 -63.504 0.00211846 -0.0505222 0.998721 2.08868
0.974368 0.224719 0.0104389 120.11 -0.22496 0.973163 0.0484529 -63.6796 0.000729471 -0.0495592 0.998771 2.09041
0.973741 0.227426 0.0102628 120.944 -0.227654 0.972481 0.049537 -63.8642 0.00128558 -0.0505726 0.99872 2.10089
0.973337 0.229233 0.00825708 121.78 -0.229356 0.972051 0.0501359 -64.0555 0.00346649 -0.0506929 0.998708 2.11247
0.972856 0.231299 0.00718516 122.613 -0.231393 0.971936 0.0424049 -64.2568 0.0028247 -0.0429165 0.999075 2.12461
0.972833 0.23145 0.00525015 123.451 -0.231483 0.972124 0.0372849 -64.463 0.0035258 -0.0374873 0.999291 2.14267
0.972504 0.232834 0.00496582 124.292 -0.232864 0.971883 0.0349044 -64.6587 0.00330074 -0.035101 0.999378 2.16137
0.972087 0.234463 0.00862309 125.123 -0.234621 0.971355 0.0377181 -64.8629 0.000467429 -0.0386884 0.999251 2.16692
0.971819 0.235306 0.0140771 125.969 -0.235684 0.971044 0.0390713 -65.0566 -0.00447577 -0.041288 0.999137 2.16442
0.9715 0.23632 0.0184552 126.817 -0.236902 0.97064 0.041666 -65.2417 -0.00806683 -0.0448505 0.998961 2.15678
0.971213 0.237854 0.0130494 127.639 -0.238194 0.97034 0.0412821 -65.4391 -0.00284326 -0.0432021 0.999062 2.16943
0.971223 0.238167 -0.00161993 128.449 -0.237932 0.970525 0.0383426 -65.6348 0.0107041 -0.0368538 0.999263 2.18532
0.97131 0.237616 -0.00978498 129.262 -0.237128 0.970805 0.0361601 -65.8434 0.0180915 -0.0328024 0.999298 2.22475
0.971538 0.236877 -0.00158875 130.089 -0.236685 0.970978 0.0343742 -66.0507 0.0096851 -0.0330198 0.999408 2.23201
0.971723 0.235607 0.0156323 130.936 -0.235956 0.971402 0.0265153 -66.2444 -0.00893807 -0.0294541 0.999526 2.21835
0.971763 0.234173 0.0289878 131.775 -0.234765 0.971866 0.0190076 -66.4531 -0.0237212 -0.0252762 0.999399 2.22353
0.972076 0.233223 0.0259896 132.587 -0.233851 0.971964 0.0244983 -66.6382 -0.0195474 -0.0298919 0.999362 2.22884
0.972552 0.232295 0.0134866 133.387 -0.232633 0.971935 0.0349848 -66.8166 -0.00498126 -0.037162 0.999297 2.24033
0.97285 0.231384 0.00499331 134.184 -0.231408 0.972151 0.0370463 -67.0038 0.00371767 -0.0371959 0.999301 2.22457
0.973307 0.229491 0.00276457 134.994 -0.229459 0.972782 0.0323024 -67.1925 0.00472378 -0.0320745 0.999474 2.24378
0.973906 0.226922 0.00372522 135.81 -0.226929 0.973435 0.0304534 -67.3803 0.0032843 -0.0305041 0.999529 2.25897
0.974722 0.223397 0.00328566 136.604 -0.223388 0.974217 0.0316079 -67.5576 0.00386016 -0.0315429 0.999495 2.26979
0.975833 0.218505 0.00229501 137.417 -0.218459 0.975278 0.0333042 -67.7389 0.00503886 -0.0330007 0.999443 2.27706
0.976534 0.215352 0.00236638 138.207 -0.215291 0.975853 0.0368951 -67.9017 0.00563619 -0.0365388 0.999316 2.29345
0.976977 0.213321 0.00329531 139.02 -0.213268 0.976077 0.042325 -68.0573 0.00581235 -0.0420533 0.999098 2.29994
0.97733 0.211643 0.00573962 139.816 -0.211693 0.9764 0.0427741 -68.2221 0.0034487 -0.0430195 0.999068 2.31318
0.977571 0.210416 0.00900262 140.611 -0.210608 0.976685 0.0416012 -68.3929 -3.91851e-05 -0.0425641 0.999094 2.31967
0.977899 0.208875 0.00925124 141.413 -0.209078 0.97706 0.0404994 -68.5654 -0.000579726 -0.0415385 0.999137 2.32903
0.978463 0.206308 0.00683321 142.202 -0.206415 0.977649 0.0399428 -68.7259 0.00156004 -0.040493 0.999179 2.33964
0.979373 0.202045 0.00242716 142.983 -0.202 0.978725 0.0359613 -68.8917 0.00489026 -0.0357098 0.99935 2.35649
0.980696 0.195536 0.00060839 143.781 -0.195447 0.980145 0.0333986 -69.05 0.00593433 -0.0328728 0.999442 2.37069
0.982001 0.188809 0.00505045 144.571 -0.188873 0.981483 0.0319196 -69.2063 0.00106977 -0.032299 0.999478 2.38186
0.983033 0.182964 0.0130248 145.361 -0.183268 0.982659 0.0281807 -69.3492 -0.00764286 -0.0300895 0.999518 2.38667
0.983665 0.178666 0.0219232 146.174 -0.179253 0.983387 0.02862 -69.4984 -0.0164456 -0.0320823 0.99935 2.39547
0.984321 0.174586 0.0251365 146.955 -0.175309 0.984052 0.0301568 -69.6238 -0.0194707 -0.0340906 0.999229 2.37924
0.985196 0.170171 0.020762 147.77 -0.170793 0.984746 0.0332382 -69.747 -0.0147891 -0.0362921 0.999232 2.3718
0.986525 0.163227 0.0111917 148.549 -0.163518 0.985956 0.0339348 -69.8721 -0.00549544 -0.0353075 0.999361 2.38362
0.987624 0.156758 0.00498657 149.325 -0.156837 0.987066 0.0332234 -70.0049 0.000285965 -0.0335943 0.999436 2.38236
0.988658 0.150093 0.00523847 150.151 -0.150185 0.988096 0.0333436 -70.131 -0.000171456 -0.0337521 0.99943 2.3862
0.989758 0.14247 0.00900598 150.95 -0.14271 0.98906 0.0373525 -70.2339 -0.00358582 -0.0382552 0.999262 2.38296
0.990859 0.134652 0.00817688 151.746 -0.134877 0.989989 0.0415989 -70.3223 -0.00249364 -0.0423215 0.999101 2.39088
0.992181 0.124769 0.00305409 152.553 -0.124776 0.991107 0.0462267 -70.4112 0.00274071 -0.0462463 0.998926 2.39681
0.993184 0.116555 -0.00012111 153.381 -0.116431 0.992179 0.0450046 -70.5049 0.00536566 -0.0446838 0.998987 2.40664
0.994093 0.108512 0.00205175 154.205 -0.108495 0.993091 0.0447128 -70.5945 0.00281429 -0.0446713 0.998998 2.41711
0.994918 0.100314 0.00869233 155.034 -0.100612 0.993831 0.0466659 -70.663 -0.00395747 -0.0473033 0.998873 2.41235
0.99564 0.0921297 0.0145944 155.879 -0.0927286 0.994545 0.0477754 -70.7261 -0.0101132 -0.0489204 0.998751 2.41904
0.996287 0.084256 0.0177063 156.704 -0.0850171 0.99523 0.0478568 -70.7893 -0.0135896 -0.0491845 0.998697 2.42112
0.996758 0.0780621 0.0195054 157.532 -0.0789242 0.995713 0.0482357 -70.8444 -0.0156564 -0.0496187 0.998646 2.41519
0.997099 0.0739985 0.0178494 158.362 -0.0747784 0.996048 0.0479181 -70.9122 -0.014233 -0.0491138 0.998692 2.41524
0.997504 0.0694964 0.0124754 159.187 -0.070063 0.996139 0.0529068 -70.9519 -0.0087504 -0.0536488 0.998522 2.4132
0.997818 0.0656991 0.00650108 160.009 -0.0659681 0.996091 0.0587498 -70.9882 -0.00261585 -0.0590505 0.998252 2.40943
0.998009 0.0629669 0.00368962 160.828 -0.0630748 0.996191 0.0602005 -71.0314 0.000115072 -0.0603133 0.998179 2.41439
0.998171 0.0596885 0.00954733 161.66 -0.0601618 0.996319 0.0610629 -71.0694 -0.00586744 -0.0615256 0.998088 2.41809
0.998195 0.0569175 0.0191439 162.491 -0.0580125 0.996353 0.0625712 -71.1089 -0.0155127 -0.0635688 0.997857 2.40691
0.998215 0.0532344 0.027062 163.336 -0.0548574 0.996488 0.0632645 -71.1455 -0.0235991 -0.0646362 0.99763 2.40808
0.998549 0.0483701 0.0236519 164.137 -0.0497041 0.996989 0.0595119 -71.18 -0.0207021 -0.0606012 0.997947 2.40154
0.998943 0.0437352 0.0141356 164.951 -0.0444164 0.997652 0.0521363 -71.227 -0.0118222 -0.052709 0.99854 2.41805
0.999281 0.0368978 0.00869733 165.763 -0.0372909 0.998028 0.0504833 -71.2605 -0.00681747 -0.0507714 0.998687 2.4143
0.999503 0.0300548 0.0095358 166.593 -0.030527 0.998074 0.053995 -71.2762 -0.00789463 -0.0542592 0.998496 2.40029
0.999637 0.0224447 0.0148808 167.413 -0.0231582 0.998498 0.0496444 -71.2923 -0.0137443 -0.049971 0.998656 2.39398
0.999713 0.014925 0.0187575 168.265 -0.0157269 0.998936 0.0433596 -71.3053 -0.0180904 -0.0436422 0.998883 2.39928
0.999719 0.00900865 0.0219416 169.104 -0.00982278 0.999256 0.0372834 -71.3297 -0.0215894 -0.0374885 0.999064 2.38048
0.999745 0.00328798 0.0223492 169.924 -0.00398839 0.9995 0.0313676 -71.3315 -0.0222349 -0.0314487 0.999258 2.37917
0.999866 -0.00309213 0.0160842 170.778 0.00265325 0.999625 0.0272367 -71.332 -0.0161624 -0.0271904 0.9995 2.38333
0.999935 -0.00997958 0.00545403 171.59 0.00985122 0.999685 0.023075 -71.3271 -0.00568259 -0.0230198 0.999719 2.36418
0.99986 -0.0166333 0.00182577 172.433 0.0165927 0.999655 0.0203593 -71.3351 -0.00216378 -0.0203261 0.999791 2.37045
0.99969 -0.0232365 0.00895315 173.273 0.0230537 0.999534 0.0200001 -71.3028 -0.00941371 -0.0197875 0.99976 2.36943
0.999372 -0.0284736 0.0211017 174.113 0.0279593 0.999314 0.0242797 -71.262 -0.0217786 -0.0236745 0.999482 2.35314
0.999025 -0.0334107 0.0288547 174.971 0.032627 0.999097 0.0272175 -71.2212 -0.029738 -0.0262495 0.999213 2.35113
0.998968 -0.0368338 0.0265599 175.821 0.036133 0.998998 0.0263987 -71.1777 -0.0275056 -0.0254118 0.999299 2.33733
0.999121 -0.0386135 0.0162873 176.67 0.0381161 0.998828 0.0298168 -71.1453 -0.0174195 -0.0291698 0.999423 2.3435
0.999122 -0.0414751 0.005943 177.507 0.0411996 0.998321 0.0407195 -71.0809 -0.00762186 -0.0404389 0.999153 2.32279
0.999062 -0.0432278 0.00241808 178.351 0.0430958 0.998261 0.0402146 -71.0373 -0.00415227 -0.0400727 0.999188 2.32087
0.998928 -0.0456652 0.00755975 179.204 0.0453874 0.998406 0.033546 -71.0016 -0.00907958 -0.0331669 0.999409 2.32852
0.998814 -0.0460909 0.0156695 180.068 0.0455881 0.998477 0.031057 -70.9682 -0.017077 -0.0303058 0.999395 2.31318
0.998688 -0.0464292 0.0215824 180.908 0.0457073 0.998416 0.0328158 -70.9315 -0.0230718 -0.0317862 0.999228 2.30061
0.998627 -0.0478649 0.0212624 181.758 0.0471138 0.998293 0.0345245 -70.8817 -0.0228786 -0.0334754 0.999178 2.29967
0.998684 -0.0496457 0.0128818 182.606 0.0492123 0.998275 0.0320238 -70.8427 -0.0144495 -0.0313477 0.999404 2.28991
0.998679 -0.0513514 0.00181753 183.445 0.0512864 0.998341 0.0261616 -70.8178 -0.00315795 -0.0260338 0.999656 2.29014
0.99858 -0.0532203 -0.00221873 184.288 0.0532526 0.998404 0.0187914 -70.7751 0.00121511 -0.0188829 0.999821 2.29162
0.998524 -0.054277 0.00196782 185.143 0.0542289 0.998341 0.0193528 -70.7259 -0.00301497 -0.0192175 0.999811 2.29764
0.998374 -0.055733 0.0119681 185.99 0.0554455 0.998194 0.0231408 -70.6709 -0.0132362 -0.0224396 0.999661 2.28743
0.998251 -0.0569184 0.0159798 186.848 0.0565638 0.99816 0.0218269 -70.6176 -0.0171928 -0.0208848 0.999634 2.29706
0.998258 -0.0576046 0.0127638 187.69 0.057274 0.998048 0.0249058 -70.5696 -0.0141735 -0.0241314 0.999608 2.29553
0.998323 -0.0574794 0.0069062 188.54 0.0572691 0.997979 0.0275427 -70.514 -0.00847538 -0.027101 0.999597 2.29726
0.998301 -0.0579863 0.00568404 189.382 0.0577716 0.997798 0.032573 -70.4517 -0.00756031 -0.0321893 0.999453 2.29033
0.998266 -0.0583123 0.00810088 190.222 0.0580012 0.997722 0.0344346 -70.3913 -0.0100904 -0.033905 0.999374 2.28978
0.99819 -0.0591552 0.0108611 191.064 0.0586675 0.997445 0.0407683 -70.3358 -0.013245 -0.0400573 0.99911 2.28614
0.998135 -0.0595211 0.0135586 191.888 0.0588906 0.997341 0.0429291 -70.2817 -0.0160777 -0.0420505 0.998986 2.28111
0.998108 -0.0600298 0.0132796 192.706 0.059371 0.997202 0.0454228 -70.2275 -0.0159692 -0.0445485 0.99888 2.28053
0.998129 -0.0603187 0.00995884 193.541 0.0598194 0.997216 0.0445077 -70.172 -0.0126158 -0.0438287 0.998959 2.28483
0.998105 -0.061322 0.00510433 194.333 0.0610223 0.997069 0.0461495 -70.1092 -0.00791935 -0.0457506 0.998922 2.28827
0.998018 -0.0627184 0.00520613 195.154 0.062381 0.996799 0.0499954 -70.0519 -0.0083251 -0.0495715 0.998736 2.29269
0.997768 -0.065278 0.014039 195.977 0.0644838 0.996611 0.0510697 -70.0055 -0.0173252 -0.0500504 0.998596 2.27764
0.997471 -0.067201 0.0231549 196.756 0.0660245 0.996648 0.0482975 -69.9585 -0.0263229 -0.0466466 0.998565 2.27483
